1.023292992280753645e-05
1.034339496738824348e-05
1.045505248823587039e-05
1.056791535819772638e-05
1.068199658908415672e-05
1.079730933316871607e-05
1.091386688470454545e-05
1.103168268145689883e-05
1.115077030625253747e-05
1.127114348854551776e-05
1.139281610600011962e-05
1.151580218609083753e-05
1.164011590771946295e-05
1.176577160284981733e-05
1.189278375816013543e-05
1.202116701671307044e-05
1.215093617964395092e-05
1.228210620786725064e-05
1.241469222380126794e-05
1.254870951311164478e-05
1.268417352647370522e-05
1.282109988135356578e-05
1.295950436380885634e-05
1.309940293030849251e-05
1.324081170957236001e-05
1.338374700443084173e-05
1.352822529370419744e-05
1.367426323410246381e-05
1.382187766214586779e-05
1.397108559610571628e-05
1.412190423796650045e-05
1.427435097540916753e-05
1.442844338381552939e-05
1.458419922829473296e-05
1.474163646573117415e-05
1.490077324685480560e-05
1.506162791833380444e-05
1.522421902488956104e-05
1.538856531143474769e-05
1.555468572523451305e-05
1.572259941809067344e-05
1.589232574854981426e-05
1.606388428413519303e-05
1.623729480360244228e-05
1.641257729922007368e-05
1.658975197907415302e-05
1.676883926939815240e-05
1.694985981692796276e-05
1.713283449128202932e-05
1.731778438736748422e-05
1.750473082781224912e-05
1.769369536542310113e-05
1.788469978567054221e-05
1.807776610920055341e-05
1.827291659437305094e-05
1.847017373982833504e-05
1.866956028708065743e-05
1.887109922314016773e-05
1.907481378316319150e-05
1.928072745313071779e-05
1.948886397255621101e-05
1.969924733722261496e-05
1.991190180194855574e-05
2.012685188338476344e-05
2.034412236284070241e-05
2.056373828914130842e-05
2.078572498151497463e-05
2.101010803251269140e-05
2.123691331095827899e-05
2.146616696493111918e-05
2.169789542478042370e-05
2.193212540617248268e-05
2.216888391317081862e-05
2.240819824134918160e-05
2.265009598093854429e-05
2.289460502000809016e-05
2.314175354768011688e-05
2.339157005738004750e-05
2.364408335012155291e-05
2.389932253782665666e-05
2.415731704668237751e-05
2.441809662053290322e-05
2.468169132430887122e-05
2.494813154749365105e-05
2.521744800762661839e-05
2.548967175384468794e-05
2.576483417046207116e-05
2.604296698058824195e-05
2.632410224978538768e-05
2.660827238976537596e-05
2.689551016212614231e-05
2.718584868212887100e-05
2.747932142251599601e-05
2.777596221736983593e-05
2.807580526601371603e-05
2.837888513695439158e-05
2.868523677186754798e-05
2.899489548962637413e-05
2.930789699037307365e-05
2.962427735963485203e-05
2.994407307248435959e-05
3.026732099774444087e-05
3.059405840223915251e-05
3.092432295508980587e-05
3.125815273205795574e-05
3.159558621993529762e-05
3.193666232098038224e-05
3.228142035740378383e-05
3.262990007590173210e-05
3.298214165223801840e-05
3.333818569587605301e-05
3.369807325466082958e-05
3.406184581955089838e-05
3.442954532940202219e-05
3.480121417580240624e-05
3.517689520795961753e-05
3.555663173764077241e-05
3.594046754416613455e-05
3.632844687945584568e-05
3.672061447313226915e-05
3.711701553767631986e-05
3.751769577364011187e-05
3.792270137491598439e-05
3.833207903406160821e-05
3.874587594768369323e-05
3.916413982187869790e-05
3.958691887773302756e-05
4.001426185688262656e-05
4.044621802713184937e-05
4.088283718813373797e-05
4.132416967713156355e-05
4.177026637476170020e-05
4.222117871091979558e-05
4.267695867069032004e-05
4.313765880033934509e-05
4.360333221337280084e-05
4.407403259666011082e-05
4.454981421662314333e-05
4.503073192549282360e-05
4.551684116763319026e-05
4.600819798593290262e-05
4.650485902826707212e-05
4.700688155402747974e-05
4.751432344072418817e-05
4.802724319065850125e-05
4.854569993766698609e-05
4.906975345393925481e-05
4.959946415690931617e-05
5.013489311622030739e-05
5.067610206076596035e-05
5.122315338580651857e-05
5.177611016016249999e-05
5.233503613348615630e-05
5.289999574361044601e-05
5.347105412397828587e-05
5.404827711115204008e-05
5.463173125240309132e-05
5.522148381338428552e-05
5.581760278588524356e-05
5.642015689567038406e-05
5.702921561040255740e-05
5.764484914765222341e-05
5.826712848299203700e-05
5.889612535817990470e-05
5.953191228943031563e-05
6.017456257577383840e-05
6.082415030750861254e-05
6.148075037474127992e-05
6.214443847602131327e-05
6.281529112706862015e-05
6.349338566959413063e-05
6.417880028021681811e-05
6.487161397947701074e-05
6.557190664094554643e-05
6.627975900043348750e-05
6.699525266529900700e-05
6.771847012385619007e-05
6.844949475488549271e-05
6.918841083724549222e-05
6.993530355958968328e-05
7.069025903018826538e-05
7.145336428685448809e-05
7.222470730697964686e-05
7.300437701767625517e-05
7.379246330602951486e-05
7.458905702946066259e-05
7.539425002620227375e-05
7.620813512588513075e-05
7.703080616024161594e-05
7.786235797392240365e-05
7.870288643543138453e-05
7.955248844817878139e-05
8.041126196165196882e-05
8.127930598270845523e-05
8.215672058699078348e-05
8.304360693046287565e-05
8.394006726107359540e-05
8.484620493054354352e-05
8.576212440628084633e-05
8.668793128342566605e-05
8.762373229702291805e-05
8.856963533432830437e-05
8.952574944724693150e-05
9.049218486490471591e-05
9.146905300635709024e-05
9.245646649343491517e-05
9.345453916372736683e-05
9.446338608370667841e-05
9.548312356199465474e-05
9.651386916277045853e-05
9.755574171932510259e-05
9.860886134776213324e-05
9.967334946084428792e-05
1.007493287819925917e-04
1.018369233594334882e-04
1.029362585805012817e-04
1.040474611860935073e-04
1.051706592852823572e-04
1.063059823700848890e-04
1.074535613303916493e-04
1.086135284690564507e-04
1.097860175171500523e-04
1.109711636493775425e-04
1.121691034996620908e-04
1.133799751768979592e-04
1.146039182808725524e-04
1.158410739183602609e-04
1.170915847193917145e-04
1.183555948536957889e-04
1.196332500473220250e-04
1.209246975994407610e-04
1.222300863993246254e-04
1.235495669435146017e-04
1.248832913531700819e-04
1.262314133916064873e-04
1.275940884820230578e-04
1.289714737254211096e-04
1.303637279187154149e-04
1.317710115730431246e-04
1.331934869322673042e-04
1.346313179916823217e-04
1.360846705169217643e-04
1.375537120630674205e-04
1.390386119939679465e-04
1.405395415017642361e-04
1.420566736266252886e-04
1.435901832766987212e-04
1.451402472482753842e-04
1.467070442461713053e-04
1.482907549043314065e-04
1.498915618066539921e-04
1.515096495080401002e-04
1.531452045556721631e-04
1.547984155105186965e-04
1.564694729690749384e-04
1.581585695853358052e-04
1.598659000930062880e-04
1.615916613279529492e-04
1.633360522508965173e-04
1.650992739703490786e-04
1.668815297658008247e-04
1.686830251111552724e-04
1.705039676984173734e-04
1.723445674616399896e-04
1.742050366011245325e-04
1.760855896078869878e-04
1.779864432883858296e-04
1.799078167895166753e-04
1.818499316238785055e-04
1.838130116953111794e-04
1.857972833247081737e-04
1.878029752761102393e-04
1.898303187830784836e-04
1.918795475753524353e-04
1.939508979057983501e-04
1.960446085776441525e-04
1.981609209720117473e-04
2.003000790757468897e-04
2.024623295095453145e-04
2.046479215563877269e-04
2.068571071902782887e-04
2.090901411052939994e-04
2.113472807449489840e-04
2.136287863318744461e-04
2.159349208978186233e-04
2.182659503139725997e-04
2.206221433216218396e-04
2.230037715631277796e-04
2.254111096132478545e-04
2.278444350107875600e-04
2.303040282906001373e-04
2.327901730159280265e-04
2.353031558110938381e-04
2.378432663945463481e-04
2.404107976122609987e-04
2.430060454715010328e-04
2.456293091749451154e-04
2.482808911551815777e-04
2.509610971095740830e-04
2.536702360355080356e-04
2.564086202660109865e-04
2.591765655057638664e-04
2.619743908674970561e-04
2.648024189087795893e-04
2.676609756692083708e-04
2.705503907079954604e-04
2.734709971419623659e-04
2.764231316839456279e-04
2.794071346816157033e-04
2.824233501567138078e-04
2.854721258447168565e-04
2.885538132349236705e-04
2.916687676109796352e-04
2.948173480918383463e-04
2.979999176731604063e-04
3.012168432691659050e-04
3.044684957549340250e-04
3.077552500091602894e-04
3.110774849573771971e-04
3.144355836156393844e-04
3.178299331346800898e-04
3.212609248445471070e-04
3.247289542997176294e-04
3.282344213247000652e-04
3.317777300601328495e-04
3.353592890093726664e-04
3.389795110855937628e-04
3.426388136593910383e-04
3.463376186068969909e-04
3.500763523584213039e-04
3.538554459476124753e-04
3.576753350611500560e-04
3.615364600889764413e-04
3.654392661750678357e-04
3.693842032687527947e-04
3.733717261765903770e-04
3.774022946147990174e-04
3.814763732622606231e-04
3.855944318140913825e-04
3.897569450357910503e-04
3.939643928179803575e-04
3.982172602317258429e-04
4.025160375844619707e-04
4.068612204765201311e-04
4.112533098582647393e-04
4.156928120878455413e-04
4.201802389895793527e-04
4.247161079129519617e-04
4.293009417922669753e-04
4.339352692069329350e-04
4.386196244424009545e-04
4.433545475517644248e-04
4.481405844180198664e-04
4.529782868169994980e-04
4.578682124809875043e-04
4.628109251630190793e-04
4.678069947018726545e-04
4.728569970877710867e-04
4.779615145287806929e-04
4.831211355179361043e-04
4.883364549010896921e-04
4.936080739454844820e-04
4.989366004090782037e-04
5.043226486106096394e-04
5.097668395004209324e-04
5.152698007320488660e-04
5.208321667345848418e-04
5.264545787858160254e-04
5.321376850861601285e-04
5.378821408333944775e-04
5.436886082981902098e-04
5.495577569004708989e-04
5.554902632865815109e-04
5.614868114073039065e-04
5.675480925967064201e-04
5.736748056518451875e-04
5.798676569133308844e-04
5.861273603467604407e-04
5.924546376250266339e-04
5.988502182115234499e-04
6.053148394442420081e-04
6.118492466207755892e-04
6.184541930842506804e-04
6.251304403101700519e-04
6.318787579942090633e-04
6.386999241409505642e-04
6.455947251535779042e-04
6.525639559245423153e-04
6.596084199272030405e-04
6.667289293084566887e-04
6.739263049823724034e-04
6.812013767248323044e-04
6.885549832691921631e-04
6.959879724029858399e-04
7.035012010656559178e-04
7.110955354473540114e-04
7.187718510888065201e-04
7.265310329822451769e-04
7.343739756734450012e-04
7.423015833648520913e-04
7.503147700198256522e-04
7.584144594680120380e-04
7.666015855118500514e-04
7.748770920342250637e-04
7.832419331072925555e-04
7.916970731024698844e-04
8.002434868016139544e-04
8.088821595094113472e-04
8.176140871669617272e-04
8.264402764666071034e-04
8.353617449679889492e-04
8.443795212153592036e-04
8.534946448561641242e-04
8.627081667609016449e-04
8.720211491442725121e-04
8.814346656876462325e-04
8.909498016628423752e-04
9.005676540572460928e-04
9.102893317002884368e-04
9.201159553912691309e-04
9.300486580285818698e-04
9.400885847403215407e-04
9.502368930163009085e-04
9.604947528415022423e-04
9.708633468309608473e-04
9.813438703661031635e-04
9.919375317325677260e-04
1.002645552259503244e-03
1.013469166460369926e-03
1.024409622175276357e-03
1.035468180714826892e-03
1.046646117005549164e-03
1.057944719736868527e-03
1.069365291509687121e-03
1.080909148986555204e-03
1.092577623043468771e-03
1.104372058923300867e-03
1.116293816390898867e-03
1.128344269889846024e-03
1.140524808700921081e-03
1.152836837102262039e-03
1.165281774531270933e-03
1.177861055748254636e-03
1.190576131001833560e-03
1.203428466196146017e-03
1.216419543059844757e-03
1.229550859316927555e-03
1.242823928859400741e-03
1.256240281921822957e-03
1.269801465257719376e-03
1.283509042317901739e-03
1.297364593430722600e-03
1.311369715984266179e-03
1.325526024610510292e-03
1.339835151371470421e-03
1.354298745947365599e-03
1.368918475826803090e-03
1.383696026499023042e-03
1.398633101648210720e-03
1.413731423349921194e-03
1.428992732269610422e-03
1.444418787863309362e-03
1.460011368580479063e-03
1.475772272069038934e-03
1.491703315382619365e-03
1.507806335190039560e-03
1.524083187987066096e-03
1.540535750310438991e-03
1.557165918954211883e-03
1.573975611188440163e-03
1.590966764980213588e-03
1.608141339217085191e-03
1.625501313932903227e-03
1.643048690536095570e-03
1.660785492040403122e-03
1.678713763298113597e-03
1.696835571235803287e-03
1.715153005092640579e-03
1.733668176661245369e-03
1.752383220531151869e-03
1.771300294334910352e-03
1.790421578996832840e-03
1.809749278984431730e-03
1.829285622562562205e-03
1.849032862050327625e-03
1.868993274080740959e-03
1.889169159863188447e-03
1.909562845448744498e-03
1.930176681998331967e-03
1.951013046053788093e-03
1.972074339811844337e-03
1.993362991401084749e-03
2.014881455161874387e-03
2.036632211929319605e-03
2.058617769319272782e-03
2.080840662017445237e-03
2.103303452071619666e-03
2.126008729187021072e-03
2.148959111024890869e-03
2.172157243504266744e-03
2.195605801107031619e-03
2.219307487186240359e-03
2.243265034277801013e-03
2.267481204415497994e-03
2.291958789449416618e-03
2.316700611367824517e-03
2.341709522622506881e-03
2.366988406457625361e-03
2.392540177242116241e-03
2.418367780805695533e-03
2.444474194778471863e-03
2.470862428934237839e-03
2.497535525537454646e-03
2.524496559694001854e-03
2.551748639705699387e-03
2.579294907428647185e-03
2.607138538635465821e-03
2.635282743381412492e-03
2.663730766374472134e-03
2.692485887349423644e-03
2.721551421445972310e-03
2.750930719590936272e-03
2.780627168884579423e-03
2.810644192991088551e-03
2.840985252533305763e-03
2.871653845491686698e-03
2.902653507607572559e-03
2.933987812790834517e-03
2.965660373531897858e-03
2.997674841318222205e-03
3.030034907055269462e-03
3.062744301492038856e-03
3.095806795651170375e-03
3.129226201263693354e-03
3.163006371208494823e-03
3.197151199956497613e-03
3.231664624019657973e-03
3.266550622404786140e-03
3.301813217072300903e-03
3.337456473399903843e-03
3.373484500651276023e-03
3.409901452449817533e-03
3.446711527257533079e-03
3.483918968859056262e-03
3.521528066850901448e-03
3.559543157136023893e-03
3.597968622423688978e-03
3.636808892734752930e-03
3.676068445912382757e-03
3.715751808138319928e-03
3.755863554454689970e-03
3.796408309291438195e-03
3.837390746999498701e-03
3.878815592389679278e-03
3.920687621277385397e-03
3.963011661033201925e-03
4.005792591139458771e-03
4.049035343752763541e-03
4.092744904272629589e-03
4.136926311916224591e-03
4.181584660299353731e-03
4.226725098023687878e-03
4.272352829270326113e-03
4.318473114399800153e-03
4.365091270558524132e-03
4.412212672291803382e-03
4.459842752163443828e-03
4.507987001382094717e-03
4.556650970434302991e-03
4.605840269724412878e-03
4.655560570221407846e-03
4.705817604112688853e-03
4.756617165464944140e-03
4.807965110892115784e-03
4.859867360230633870e-03
4.912329897221882728e-03
4.965358770202074438e-03
5.018960092799526138e-03
5.073140044639529340e-03
5.127904872056771382e-03
5.183260888815450357e-03
5.239214476837217131e-03
5.295772086936912336e-03
5.352940239566287423e-03
5.410725525565711520e-03
5.469134606924058381e-03
5.528174217546742188e-03
5.587851164032037535e-03
5.648172326455844043e-03
5.709144659164853974e-03
5.770775191578323207e-03
5.833071028998461187e-03
5.896039353429622862e-03
5.959687424406293066e-03
6.024022579830039421e-03
6.089052236815462385e-03
6.154783892545347135e-03
6.221225125134977399e-03
6.288383594505794240e-03
6.356267043268534235e-03
6.424883297615835778e-03
6.494240268224528607e-03
6.564345951167616967e-03
6.635208428836172380e-03
6.706835870871129951e-03
6.779236535105126124e-03
6.852418768514579109e-03
6.926391008181973820e-03
7.001161782268571637e-03
7.076739710997588355e-03
7.153133507648045883e-03
7.230351979559288163e-03
7.308404029146381604e-03
7.387298654926433873e-03
7.467044952556066081e-03
7.547652115880013231e-03
7.629129437991052400e-03
7.711486312301433013e-03
7.794732233625801393e-03
7.878876799275862444e-03
7.963929710166807105e-03
8.049900771935765767e-03
8.136799896072266849e-03
8.224637101060885275e-03
8.313422513536327177e-03
8.403166369450860637e-03
8.493879015254441125e-03
8.585570909087493485e-03
8.678252621986674853e-03
8.771934839103557799e-03
8.866628360936530326e-03
8.962344104575923134e-03
9.059093104962695486e-03
9.156886516160603340e-03
9.255735612642106494e-03
9.355651790588250666e-03
9.456646569202474192e-03
9.558731592038665487e-03
9.661918628343490328e-03
9.766219574413313384e-03
9.871646454965677525e-03
9.978211424525587278e-03
1.008592676882684273e-02
1.019480490622841698e-02
1.030485838914615634e-02
1.041609990549991101e-02
1.052854228017634751e-02
1.064219847650748826e-02
1.075708159776525737e-02
1.087320488867208126e-02
1.099058173692794155e-02
1.110922567475377230e-02
1.122915038045155245e-02
1.135036967998132029e-02
1.147289754855510685e-02
1.159674811224814181e-02
1.172193564962738070e-02
1.184847459339773840e-02
1.197637953206596301e-02
1.210566521162255264e-02
1.223634653724175493e-02
1.236843857500002919e-02
1.250195655361296780e-02
1.263691586619095433e-02
1.277333207201388106e-02
1.291122089832492242e-02
1.305059824214372180e-02
1.319148017209909041e-02
1.333388293028161913e-02
1.347782293411615810e-02
1.362331677825453537e-02
1.377038123648879550e-02
1.391903326368498957e-02
1.406928999773789622e-02
1.422116876154677287e-02
1.437468706501257749e-02
1.452986260705660393e-02
1.468671327766099197e-02
1.484525715993118521e-02
1.500551253218079806e-02
1.516749787003884679e-02
1.533123184857974365e-02
1.549673334447640612e-02
1.566402143817646406e-02
1.583311541610205389e-02
1.600403477287325529e-02
1.617679921355569608e-02
1.635142865593228537e-02
1.652794323279944272e-02
1.670636329428829350e-02
1.688670941021073665e-02
1.706900237243094698e-02
1.725326319726236401e-02
1.743951312789075378e-02
1.762777363682322893e-02
1.781806642836382057e-02
1.801041344111567119e-02
1.820483685051040371e-02
1.840135907136466326e-02
1.860000276046422027e-02
1.880079081917615177e-02
1.900374639608904889e-02
1.920889288968181258e-02
1.941625395102116250e-02
1.962585348648844194e-02
1.983771566053571175e-02
2.005186489847157055e-02
2.026832588927722847e-02
2.048712358845279635e-02
2.070828322089441134e-02
2.093183028380229266e-02
2.115779054962041439e-02
2.138619006900768782e-02
2.161705517384134370e-02
2.185041248025262547e-02
2.208628889169544918e-02
2.232471160204800575e-02
2.256570809874783312e-02
2.280930616596094779e-02
2.305553388778495971e-02
2.330441965148687816e-02
2.355599215077577163e-02
2.381028038911094102e-02
2.406731368304565466e-02
2.432712166560689962e-02
2.458973428971192657e-02
2.485518183162133826e-02
2.512349489442968278e-02
2.539470441159352720e-02
2.566884165049789293e-02
2.594593821606092088e-02
2.622602605437762344e-02
2.650913745640279262e-02
2.679530506167394563e-02
2.708456186207421415e-02
2.737694120563585048e-02
2.767247680038503743e-02
2.797120271822794643e-02
2.827315339887888357e-02
2.857836365383068650e-02
2.888686867036828129e-02
2.919870401562527432e-02
2.951390564068435279e-02
2.983250988472223308e-02
3.015455347919901441e-02
3.048007355209297192e-02
3.080910763218086892e-02
3.114169365336478049e-02
3.147786995904532786e-02
3.181767530654228820e-02
3.216114887156275304e-02
3.250833025271784860e-02
3.285925947608788616e-02
3.321397699983682367e-02
3.357252371887686077e-02
3.393494096958297318e-02
3.430127053455865604e-02
3.467155464745278609e-02
3.504583599782894188e-02
3.542415773608689061e-02
3.580656347843725468e-02
3.619309731193016272e-02
3.658380379953786454e-02
3.697872798529238531e-02
3.737791539947845493e-02
3.778141206388286460e-02
3.818926449710010468e-02
3.860151971989549124e-02
3.901822526062599661e-02
3.943942916071995625e-02
3.986517998021558290e-02
4.029552680335925230e-02
4.073051924426463605e-02
4.117020745263245268e-02
4.161464211953225939e-02
4.206387448324638845e-02
4.251795633517739537e-02
4.297694002581883832e-02
4.344087847079081133e-02
4.390982515694030058e-02
4.438383414850791825e-02
4.486296009336072227e-02
4.534725822929239897e-02
4.583678439039180069e-02
4.633159501347981768e-02
4.683174714461599275e-02
4.733729844567509393e-02
4.784830720099515072e-02
4.836483232409685695e-02
4.888693336447547805e-02
4.941467051446650494e-02
4.994810461618498509e-02
5.048729716854001570e-02
5.103231033432465563e-02
5.158320694738290774e-02
5.214005051985356326e-02
5.270290524949249045e-02
5.327183602707375593e-02
5.384690844387104991e-02
5.442818879921951236e-02
5.501574410815911198e-02
5.560964210916102130e-02
5.620995127193692542e-02
5.681674080533288124e-02
5.743008066530810168e-02
5.805004156300041379e-02
5.867669497287830022e-02
5.931011314098089821e-02
5.995036909324751029e-02
6.059753664393644629e-02
6.125169040413506322e-02
6.191290579036136388e-02
6.258125903325900685e-02
6.325682718638561686e-02
6.393968813509628979e-02
6.462992060552265328e-02
6.532760417364946726e-02
6.603281927448864663e-02
6.674564721135232970e-02
6.746617016522657440e-02
6.819447120424571018e-02
6.893063429326919123e-02
6.967474430356158932e-02
7.042688702257768329e-02
7.118714916385257552e-02
7.195561837699852858e-02
7.273238325781049285e-02
7.351753335847981130e-02
7.431115919791876634e-02
7.511335227219609334e-02
7.592420506508586187e-02
7.674381105872953024e-02
7.757226474441353270e-02
7.840966163346271833e-02
7.925609826825219528e-02
8.011167223333739984e-02
8.097648216670415289e-02
8.185062777114104904e-02
8.273420982573372051e-02
8.362733019748369578e-02
8.453009185305215833e-02
8.544259887063132552e-02
8.636495645194332271e-02
8.729727093436834284e-02
8.823964980320481155e-02
8.919220170406078063e-02
9.015503645537972788e-02
9.112826506110104086e-02
9.211199972345805731e-02
9.310635385591334301e-02
9.411144209623413526e-02
9.512738031970843777e-02
9.615428565250470905e-02
9.719227648517482498e-02
9.824147248630298035e-02
9.930199461630261071e-02
1.003739651413614181e-01
1.014575076475374843e-01
1.025527470550068876e-01
1.036598096324663626e-01
1.047788230116896424e-01
1.059099162022432983e-01
1.070532196063586627e-01
1.082088650339663449e-01
1.093769857178931437e-01
1.105577163292206649e-01
1.117511929928132058e-01
1.129575533030098278e-01
1.141769363394880832e-01
1.154094826832990500e-01
1.166553344330732989e-01
1.179146352214039961e-01
1.191875302314068241e-01
1.204741662134564822e-01
1.217746915021060972e-01
1.230892560331892371e-01
1.244180113611040861e-01
1.257611106762879516e-01
1.271187088228766526e-01
1.284909623165569614e-01
1.298780293626119464e-01
1.312800698741587169e-01
1.326972454905852861e-01
1.341297195961866084e-01
1.355776573389993189e-01
1.370412256498422798e-01
1.385205932615625468e-01
1.400159307284868093e-01
1.415274104460851334e-01
1.430552066708470627e-01
1.445994955403694660e-01
1.461604550936654590e-01
1.477382652916882644e-01
1.493331080380795317e-01
1.509451672001417000e-01
1.525746286300340426e-01
1.542216801862000830e-01
1.558865117550266854e-01
1.575693152727337121e-01
1.592702847475032102e-01
1.609896162818471588e-01
1.627275080952138298e-01
1.644841605468425894e-01
1.662597761588610057e-01
1.680545596396340602e-01
1.698687179073660736e-01
1.717024601139536255e-01
1.735559976690996542e-01
1.754295442646876257e-01
1.773233158994156067e-01
1.792375309036995379e-01
1.811724099648454045e-01
1.831281761524893581e-01
1.851050549443181426e-01
1.871032742520614689e-01
1.891230644477687461e-01
1.911646583903696128e-01
1.932282914525174644e-01
1.953142015477266347e-01
1.974226291578021208e-01
1.995538173605621024e-01
2.017080118578633008e-01
2.038854610039287640e-01
2.060864158339774377e-01
2.083111300931690668e-01
2.105598602658551310e-01
2.128328656051499124e-01
2.151304081628206410e-01
2.174527528194966364e-01
2.198001673152081836e-01
2.221729222802553694e-01
2.245712912664060146e-01
2.269955507784343907e-01
2.294459803060004688e-01
2.319228623558692026e-01
2.344264824844816408e-01
2.369571293308778970e-01
2.395150946499705336e-01
2.421006733461844862e-01
2.447141635074528143e-01
2.473558664395842654e-01
2.500260867010019594e-01
2.527251321378525817e-01
2.554533139194989921e-01
2.582109465743960275e-01
2.609983480263490807e-01
2.638158396311685028e-01
2.666637462137202430e-01
2.695423961053701745e-01
2.724521211818418664e-01
2.753932569014739262e-01
2.783661423438961724e-01
2.813711202491236962e-01
2.844085370570671456e-01
2.874787429474752187e-01
2.905820918803080910e-01
2.937189416365416639e-01
2.968896538594169576e-01
3.000945940961359804e-01
3.033341318400001874e-01
3.066086405730144571e-01
3.099184978089404296e-01
3.132640851368219126e-01
3.166457882649792999e-01
3.200639970654738375e-01
3.235191056190570569e-01
3.270115122606062075e-01
3.305416196250433591e-01
3.341098346937570462e-01
3.377165688415242339e-01
3.413622378839334948e-01
3.450472621253255490e-01
3.487720664072518351e-01
3.525370801574490565e-01
3.563427374393530744e-01
3.601894770021360492e-01
3.640777423312920313e-01
3.680079816997675612e-01
3.719806482196382769e-01
3.759961998943497918e-01
3.800550996715223451e-01
3.841578154963192215e-01
3.883048203653975405e-01
3.924965923814418556e-01
3.967336148082785119e-01
4.010163761265968518e-01
4.053453700902596712e-01
4.097210957832301270e-01
4.141440576771129867e-01
4.186147656893091096e-01
4.231337352418061415e-01
4.277014873206030909e-01
4.323185485357690094e-01
4.369854511821578136e-01
4.417027333007784162e-01
4.464709387408186680e-01
4.512906172223521417e-01
4.561623243997081079e-01
4.610866219255352338e-01
4.660640775155562854e-01
4.710952650140139419e-01
4.761807644598310407e-01
4.813211621534858597e-01
4.865170507245995535e-01
4.917690292002629415e-01
4.970777030741004854e-01
5.024436843760705651e-01
5.078675917430292008e-01
5.133500504900542216e-01
5.188916926825304365e-01
5.244931572090272276e-01
5.301550898549487467e-01
5.358781433769880254e-01
5.416629775783859957e-01
5.475102593849929811e-01
5.534206629221601892e-01
5.593948695924633174e-01
5.654335681542528302e-01
5.715374548010636602e-01
5.777072332418821121e-01
5.839436147822670842e-01
5.902473184063650180e-01
5.966190708597927106e-01
6.030596067334257349e-01
6.095696685480926913e-01
6.161500068401718488e-01
6.228013802481229266e-01
6.295245555999541276e-01
6.363203080016202051e-01
6.431894209263874229e-01
6.501326863051637428e-01
6.571509046177892444e-01
6.642448849853338499e-01
6.714154452633700476e-01
6.786634121362664640e-01
6.859896212124994008e-01
6.933949171209805584e-01
7.008801536084376949e-01
7.084461936378458891e-01
7.160939094879087419e-01
7.238241828536269296e-01
7.316379049479518892e-01
7.395359766045220828e-01
7.475193083815311335e-01
7.555888206666939722e-01
7.637454437833618437e-01
7.719901180977828403e-01
7.803237941275059653e-01
7.887474326509695821e-01
7.972620048182734731e-01
8.058684922631315084e-01
8.145678872160477813e-01
8.233611926187145436e-01
8.322494222396300545e-01
8.412336007909796409e-01
8.503147640467786372e-01
8.594939589622727638e-01
8.687722437946551191e-01
8.781506882250581514e-01
8.876303734818811186e-01
8.972123924654494820e-01
9.068978498740024596e-01
9.166878623310578122e-01
9.265835585141517505e-01
9.365860792849510785e-01
9.466965778207875326e-01
9.569162197476116516e-01
9.672461832743628474e-01
9.776876593288189587e-01
9.882418516948832110e-01
9.989099771513726411e-01
1.009693265612304991e+00
1.020592960268681848e+00
1.031610317731820103e+00
1.042746608178231948e+00
1.054003115496048748e+00
1.065381137433045300e+00
1.076881985746262149e+00
1.088506986353220407e+00
1.100257479484803680e+00
1.112134819839754485e+00
1.124140376740863978e+00
1.136275534292845224e+00
1.148541691541891341e+00
1.160940262636976250e+00
1.173472676992897812e+00
1.186140379455058236e+00
1.198944830466045497e+00
1.211887506234013978e+00
1.224969898902859233e+00
1.238193516724252152e+00
1.251559884231532305e+00
1.265070542415449806e+00
1.278727048901846519e+00
1.292530978131212649e+00
1.306483921540211313e+00
1.320587487745160216e+00
1.334843302727470871e+00
1.349253010021114196e+00
1.363818270902109608e+00
1.378540764580034717e+00
1.393422188391627348e+00
1.408464257996477897e+00
1.423668707574805570e+00
1.439037290027411764e+00
1.454571777177751324e+00
1.470273959976210687e+00
1.486145648706593825e+00
1.502188673194809754e+00
1.518404883019839113e+00
1.534796147726978921e+00
1.551364357043362396e+00
1.568111421095831126e+00
1.585039270631161790e+00
1.602149857238635899e+00
1.619445153575062246e+00
1.636927153592179440e+00
1.654597872766545130e+00
1.672459348331908346e+00
1.690513639514058530e+00
1.708762827768241843e+00
1.727209017019138981e+00
1.745854333903403388e+00
1.764700928014849568e+00
1.783750972152285952e+00
1.803006662569994090e+00
1.822470219230941435e+00
1.842143886062730385e+00
1.862029931216270029e+00
1.882130647327300066e+00
1.902448351780677616e+00
1.922985386977557720e+00
1.943744120605457537e+00
1.964726945911199563e+00
1.985936281976838247e+00
2.007374573998565115e+00
2.029044293568587509e+00
2.050947938960087313e+00
2.073088035415255881e+00
2.095467135436396067e+00
2.118087819080233913e+00
2.140952694255334965e+00
2.164064397022783748e+00
2.187425591900101551e+00
2.211038972168412275e+00
2.234907260182956268e+00
2.259033207686965472e+00
2.283419596128876350e+00
2.308069236983016470e+00
2.332984972073747887e+00
2.358169673903064201e+00
2.383626245981797620e+00
2.409357623164324114e+00
2.435366771986936296e+00
2.461656691009864950e+00
2.488230411162948297e+00
2.515090996095081355e+00
2.542241542527432507e+00
2.569685180610431274e+00
2.597425074284654745e+00
2.625464421645609114e+00
2.653806455312396562e+00
2.682454442800443761e+00
2.711411686898170359e+00
2.740681526047779482e+00
2.770267334730160069e+00
2.800172523853891260e+00
2.830400541148498927e+00
2.860954871561957713e+00
2.891839037662430556e+00
2.923056600044398046e+00
2.954611157739174931e+00
2.986506348629797802e+00
3.018745849870453135e+00
3.051333378310428834e+00
3.084272690922580384e+00
3.117567585236519445e+00
3.151221899776380564e+00
3.185239514503378278e+00
3.219624351263143058e+00
3.254380374237825446e+00
3.289511590403142449e+00
3.325022049990355555e+00
3.360915846953175912e+00
3.397197119439771207e+00
3.433870050269869800e+00
3.470938867416941243e+00
3.508407844495690320e+00
3.546281301254709195e+00
3.584563604074513687e+00
3.623259166470961468e+00
3.662372449604035296e+00
3.701907962792186702e+00
3.741870264032232551e+00
3.782263960524794744e+00
3.823093709205480195e+00
3.864364217281796687e+00
3.906080242775785916e+00
3.948246595072633092e+00
3.990868135475077683e+00
4.033949777763891298e+00
4.077496488764406735e+00
4.121513288919084417e+00
4.166005252866339603e+00
4.210977510025614379e+00
4.256435245188693983e+00
4.302383699117475757e+00
4.348828169148198697e+00
4.395774009802113191e+00
4.443226633402821868e+00
4.491191510700287992e+00
4.539674171501485667e+00
4.588680205308000026e+00
4.638215261960365154e+00
4.688285052289458577e+00
4.738895348774917693e+00
4.790051986210593249e+00
4.841760862377252117e+00
4.894027938722566695e+00
4.946859241048332301e+00
5.000260860205209212e+00
5.054238952794960049e+00
5.108799741880161172e+00
5.163949517701733605e+00
5.219694638404069664e+00
5.276041530768077692e+00
5.332996690952157337e+00
5.390566685241061862e+00
5.448758150802954781e+00
5.507577796454627972e+00
5.567032403434889254e+00
5.627128826186393873e+00
5.687873993145919904e+00
5.749274907543055591e+00
5.811338648207688529e+00
5.874072370386030251e+00
5.937483306565572327e+00
6.001578767308942908e+00
6.066366142096663694e+00
6.131852900179104893e+00
6.198046591437647024e+00
6.264954847255021164e+00
6.332585381395153590e+00
6.400945990892519255e+00
6.470044556950973025e+00
6.539889045852400606e+00
6.610487509875182077e+00
6.681848088222432480e+00
6.753979007960471570e+00
6.826888584967211848e+00
6.900585224890930292e+00
6.975077424119380254e+00
7.050373770759252423e+00
7.126482945626321452e+00
7.203413723246294253e+00
7.281174972866321760e+00
7.359775659477569398e+00
7.439224844848824070e+00
7.519531688571107431e+00
7.600705449113791978e+00
7.682755484891895748e+00
7.765691255345042343e+00
7.849522322028077426e+00
7.934258349713313230e+00
8.019909107504810564e+00
8.106484469964703621e+00
8.193994418251516976e+00
8.282449041270933066e+00
8.371858536838983511e+00
8.462233212857617204e+00
8.553583488503226917e+00
8.645919895427732982e+00
8.739253078972826216e+00
8.833593799397300828e+00
8.928952933117486168e+00
9.025341473961226768e+00
9.122770534435403533e+00
9.221251347006969468e+00
9.320795265397975982e+00
9.421413765894591563e+00
9.523118448670070180e+00
9.625921039122177447e+00
9.729833389225056806e+00
9.834867478895487736e+00
9.941035417374193273e+00
1.004834944462176338e+01
1.015682193272983369e+01
1.026646538734751957e+01
1.037729244912304694e+01
1.048931589516113938e+01
1.060254864049613310e+01
1.071700373958081265e+01
1.083269438779150384e+01
1.094963392294941329e+01
1.106783582685817535e+01
1.118731372685833669e+01
1.130808139739826146e+01
1.143015276162225646e+01
1.155354189297579914e+01
1.167826301682793044e+01
1.180433051211132778e+01
1.193175891298012026e+01
1.206056291048536089e+01
1.219075735426881124e+01
1.232235725427500839e+01
1.245537778248157323e+01
1.258983427464856852e+01
1.272574223208635580e+01
1.286311732344279690e+01
1.300197538650975559e+01
1.314233243004885665e+01
1.328420463563718990e+01
1.342760835953294496e+01
1.357256013456094479e+01
1.371907667201876890e+01
1.386717486360346463e+01
1.401687178335876460e+01
1.416818468964376976e+01
1.432113102712242991e+01
1.447572842877480959e+01
1.463199471793005735e+01
1.478994791032105560e+01
1.494960621616151997e+01
1.511098804224552339e+01
1.527411199406940234e+01
1.543899687797686227e+01
1.560566170332721470e+01
1.577412568468677101e+01
1.594440824404414059e+01
1.611652901304947605e+01
1.629050783527754476e+01
1.646636476851574216e+01
1.664412008707627777e+01
1.682379428413368672e+01
1.700540807408755839e+01
1.718898239495047520e+01
1.737453841076201400e+01
1.756209751402884223e+01
1.775168132819080569e+01
1.794331171011398496e+01
1.813701075261064943e+01
1.833280078698604498e+01
1.853070438561325162e+01
1.873074436453524783e+01
1.893294378609545703e+01
1.913732596159669086e+01
1.934391445398845022e+01
1.955273308058357529e+01
1.976380591580423740e+01
1.997715729395720885e+01
2.019281181203944797e+01
2.041079433257397469e+01
2.063112998647596186e+01
2.085384417595036410e+01
2.107896257742022073e+01
2.130651114448697570e+01
2.153651611092276141e+01
2.176900399369460715e+01
2.200400159602166994e+01
2.224153601046546669e+01
2.248163462205308605e+01
2.272432511143449574e+01
2.296963545807394524e+01
2.321759394347541416e+01
2.346822915444328572e+01
2.372156998637820990e+01
2.397764564660809938e+01
2.423648565775578589e+01
2.449811986114228901e+01
2.476257842022734934e+01
2.502989182408706981e+01
2.530009089092866859e+01
2.557320677164361200e+01
2.584927095339911673e+01
2.612831526326795384e+01
2.641037187189791524e+01
2.669547329722086459e+01
2.698365240820132271e+01
2.727494242862633200e+01
2.756937694093537417e+01
2.786698989009222771e+01
2.816781558749860892e+01
2.847188871494952878e+01
2.877924432863190418e+01
2.908991786316629913e+01
2.940394513569179580e+01
2.972136234999547000e+01
3.004220610068645669e+01
3.036651337741448842e+01
3.069432156913485699e+01
3.102566846841849824e+01
3.136059227580924968e+01
3.169913160422812481e+01
3.204132548342455777e+01
3.238721336447629540e+01
3.273683512433782994e+01
3.309023107043741163e+01
3.344744194532417936e+01
3.380850893136556579e+01
3.417347365549473182e+01
3.454237819400987775e+01
3.491526507742538854e+01
3.529217729537460713e+01
3.567315830156664447e+01
3.605825201879558506e+01
3.644750284400449658e+01
3.684095565340415845e+01
3.723865580764625349e+01
3.764064915705325376e+01
3.804698204690459562e+01
3.845770132277936426e+01
3.887285433595723561e+01
3.929248894887782484e+01
3.971665354065810760e+01
4.014539701267063521e+01
4.057876879418071070e+01
4.101681884804531109e+01
4.145959767647346439e+01
4.190715632684809577e+01
4.235954639761141749e+01
4.281682004421398346e+01
4.327902998512703192e+01
4.374622950792062426e+01
4.421847247540734571e+01
4.469581333185148253e+01
4.517830710924650361e+01
4.566600943365904186e+01
4.615897653164217473e+01
4.665726523671803250e+01
4.716093299592944987e+01
4.767003787646329016e+01
4.818463857234520020e+01
4.870479441120576780e+01
4.923056536112066084e+01
4.976201203752451363e+01
5.029919571019855340e+01
5.084217831033507196e+01
5.139102243767671041e+01
5.194579136773379702e+01
5.250654905907958891e+01
5.307336016072338936e+01
5.364629001956411258e+01
5.422540468792440294e+01
5.481077093116503107e+01
5.540245623538255160e+01
5.600052881518999470e+01
5.660505762158056342e+01
5.721611234987724970e+01
5.783376344776827693e+01
5.845808212342806343e+01
5.908914035372770712e+01
5.972701089253223472e+01
6.037176727908867946e+01
6.102348384650468205e+01
6.168223573031752949e+01
6.234809887715675814e+01
6.302115005350038501e+01
6.370146685452440494e+01
6.438912771304903515e+01
6.508421190858149430e+01
6.578679957645519494e+01
6.649697171706938548e+01
6.721481020522671201e+01
6.794039779957287806e+01
6.867381815213811080e+01
6.941515581798054768e+01
7.016449626493485425e+01
7.092192588346607351e+01
7.168753199662876341e+01
7.246140287013459158e+01
7.324362772252894160e+01
7.403429673547577750e+01
7.483350106415566927e+01
7.564133284777393840e+01
7.645788522018375488e+01
7.728325232062384487e+01
7.811752930457073774e+01
7.896081235470961701e+01
7.981319869202353345e+01
8.067478658700095195e+01
8.154567537096571073e+01
8.242596544752926491e+01
8.331575830416510087e+01
8.421515652390959872e+01
8.512426379718921510e+01
8.604318493377358834e+01
8.697202587486034986e+01
8.791089370528764846e+01
8.885989666588041302e+01
8.981914416592978512e+01
9.078874679580574991e+01
9.176881633970737084e+01
9.275946578855098323e+01
9.376080935299549424e+01
9.477296247661017503e+01
9.579604184918464682e+01
9.683016542018044959e+01
9.787545241233087268e+01
9.893202333538461346e+01
1.000000000000000000e+02
