0.000000000000000000e+00
8.996363298775817086e+00
1.797988551470140806e+01
2.695054495064823641e+01
3.590832027443548924e+01
4.485319051844574290e+01
5.378513507921257286e+01
6.270413371696410110e+01
7.161016655513365947e+01
8.050321407983543054e+01
8.938325713929836525e+01
9.825027694327327765e+01
1.071042550623986642e+02
1.159451734275361332e+02
1.247730143290705769e+02
1.335877604161749730e+02
1.423893946960446044e+02
1.511779005330992334e+02
1.599532616481499190e+02
1.687154621175380953e+02
1.774644863722384684e+02
1.862003191969360785e+02
1.949229457290690846e+02
2.036323514578442371e+02
2.123285222232226772e+02
2.210114442148718865e+02
2.296811039710974853e+02
2.383374883777389925e+02
2.469805846670421374e+02
2.556103804165048530e+02
2.642268635476908116e+02
2.728300223250234922e+02
2.814198453545491816e+02
2.899963215826778651e+02
2.985594402948968309e+02
3.071091911144633286e+02
3.156455640010669299e+02
3.241685492494746086e+02
3.326781374881484794e+02
3.411743196778435276e+02
3.496570871101842499e+02
3.581264314062120775e+02
3.665823445149208055e+02
3.750248187117663292e+02
3.834538465971552910e+02
3.918694210949186640e+02
4.002715354507585062e+02
4.086601832306808433e+02
4.170353583194104772e+02
4.253970549187825441e+02
4.337452675461250919e+02
4.420799910326115878e+02
4.504012205216098437e+02
4.587089514670055337e+02
4.670031796315147972e+02
4.752839010849766623e+02
4.835511122026378530e+02
4.918048096634125841e+02
5.000449904481365024e+02
5.082716518378048818e+02
5.164847914117932532e+02
5.246844070460731473e+02
5.328704969114057803e+02
5.410430594715298867e+02
5.492020934813369877e+02
5.573475979850339854e+02
5.654795723142954103e+02
5.735980160864040727e+02
5.817029292023842117e+02
5.897943118451206601e+02
5.978721644774744846e+02
6.059364878403846433e+02
6.139872829509627081e+02
6.220245511005788330e+02
6.300482938529419243e+02
6.380585130421700342e+02
6.460552107708567746e+02
6.540383894081244307e+02
6.620080515876778691e+02
6.699642002058507160e+02
6.779068384196415309e+02
6.858359696447520264e+02
6.937515975536116457e+02
7.016537260734058918e+02
7.095423593840939702e+02
7.174175019164258629e+02
7.252791583499581520e+02
7.331273336110577930e+02
7.409620328709110026e+02
7.487832615435287380e+02
7.565910252837459211e+02
7.643853299852214604e+02
7.721661817784363393e+02
7.799335870286884074e+02
7.876875523340883092e+02
7.954280845235540482e+02
8.031551906548054376e+02
8.108688780123543438e+02
8.185691541055003881e+02
8.262560266663252833e+02
8.339295036476844416e+02
8.415895932212058597e+02
8.492363037752826358e+02
8.568696439130708313e+02
8.644896224504916518e+02
8.720962484142282847e+02
8.796895310397328558e+02
8.872694797692279280e+02
8.948361042497178914e+02
9.023894143309969422e+02
9.099294200636650203e+02
9.174561316971439737e+02
9.249695596776975890e+02
9.324697146464565094e+02
9.399566074374475875e+02
9.474302490756218731e+02
9.548906507748986314e+02
9.623378239361989017e+02
9.697717801454955406e+02
9.771925311718645162e+02
9.846000889655374522e+02
9.919944656559679288e+02
9.993756735498930084e+02
1.006743725129409995e+03
1.014098633050051262e+03
1.021440410138870561e+03
1.028769069392534902e+03
1.036084623975416207e+03
1.043387087217700582e+03
1.050676472613494980e+03
1.057952793818942610e+03
1.065216064650352791e+03
1.072466299082322848e+03
1.079703511245884329e+03
1.086927715426643545e+03
1.094138926062935752e+03
1.101337157743986609e+03
1.108522425208078857e+03
1.115694743340732884e+03
1.122854127172882727e+03
1.130000591879077092e+03
1.137134152775674465e+03
1.144254825319054135e+03
1.151362625103834716e+03
1.158457567861096550e+03
1.165539669456620231e+03
1.172608945889128336e+03
1.179665413288537366e+03
1.186709087914219253e+03
1.193739986153271957e+03
1.200758124518798695e+03
1.207763519648196279e+03
1.214756188301453221e+03
1.221736147359456936e+03
1.228703413822310722e+03
1.235658004807658472e+03
1.242599937549021888e+03
1.249529229394145432e+03
1.256445897803352409e+03
1.263349960347906517e+03
1.270241434708390443e+03
1.277120338673087872e+03
1.283986690136377774e+03
1.290840507097141426e+03
1.297681807657173749e+03
1.304510610019608748e+03
1.311326932487355407e+03
1.318130793461540179e+03
1.324922211439964258e+03
1.331701205015566984e+03
1.338467792874900624e+03
1.345221993796619245e+03
1.351963826649970542e+03
1.358693310393305865e+03
1.365410464072593186e+03
1.372115306819948273e+03
1.378807857852167444e+03
1.385488136469280107e+03
1.392156162053104254e+03
1.398811954065815598e+03
1.405455532048526493e+03
1.412086915619877800e+03
1.418706124474633953e+03
1.425313178382302794e+03
1.431908097185744509e+03
1.438490900799815790e+03
1.445061609210000825e+03
1.451620242471071606e+03
1.458166820705749842e+03
1.464701364103375681e+03
1.471223892918599404e+03
1.477734427470069477e+03
1.484232988139139707e+03
1.490719595368589125e+03
1.497194269661339604e+03
1.503657031579200066e+03
1.510107901741608657e+03
1.516546900824392196e+03
1.522974049558534261e+03
1.529389368728949421e+03
1.535792879173276560e+03
1.542184601780674939e+03
1.548564557490633661e+03
1.554932767291792516e+03
1.561289252220767594e+03
1.567634033360997591e+03
1.573967131841587616e+03
1.580288568836171862e+03
1.586598365561786522e+03
1.592896543277745195e+03
1.599183123284536123e+03
1.605458126922716929e+03
1.611721575571827543e+03
1.617973490649314726e+03
1.624213893609454772e+03
1.630442805942303494e+03
1.636660249172639624e+03
1.642866244858929122e+03
1.649060814592294946e+03
1.655243979995495238e+03
1.661415762721916508e+03
1.667576184454570921e+03
1.673725266905104490e+03
1.679863031812821873e+03
1.685989500943705025e+03
1.692104696089460958e+03
1.698208639066564274e+03
1.704301351715313558e+03
1.710382855898903017e+03
1.716453173502488653e+03
1.722512326432285590e+03
1.728560336614653124e+03
1.734597225995202052e+03
1.740623016537906778e+03
1.746637730224227198e+03
1.752641389052241720e+03
1.758634015035784842e+03
1.764615630203596083e+03
1.770586256598481668e+03
1.776545916276476419e+03
1.782494631306024530e+03
1.788432423767160572e+03
1.794359315750703900e+03
1.800275329357462624e+03
1.806180486697440756e+03
1.812074809889060589e+03
1.817958321058389402e+03
1.823831042338376392e+03
1.829692995868095068e+03
1.835544203791999280e+03
1.841384688259186305e+03
1.847214471422659699e+03
1.853033575438615799e+03
1.858842022465722721e+03
1.864639834664420505e+03
1.870427034196219665e+03
1.876203643223013387e+03
1.881969683906394721e+03
1.887725178406984242e+03
1.893470148883764523e+03
1.899204617493419391e+03
1.904928606389686365e+03
1.910642137722714097e+03
1.916345233638424816e+03
1.922037916277889053e+03
1.927720207776707412e+03
1.933392130264394154e+03
1.939053705863774894e+03
1.944704956690388371e+03
1.950345904851897103e+03
1.955976572447504168e+03
1.961596981567375224e+03
1.967207154292073028e+03
1.972807112691995826e+03
1.978396878826818011e+03
1.983976474744951247e+03
1.989545922482993547e+03
1.995105244065205852e+03
2.000654461502978165e+03
2.006193596794311588e+03
2.011722671923307871e+03
2.017241708859656001e+03
2.022750729558139938e+03
2.028249755958140213e+03
2.033738809983147803e+03
2.039217913540285053e+03
2.044687088519829558e+03
2.050146356794749408e+03
2.055595740220238440e+03
2.061035260633260805e+03
2.066464939852109637e+03
2.071884799675950489e+03
2.077294861884396596e+03
2.082695148237075045e+03
2.088085680473197044e+03
2.093466480311145460e+03
2.098837569448057366e+03
2.104198969559421585e+03
2.109550702298672149e+03
2.114892789296795854e+03
2.120225252161942990e+03
2.125548112479039446e+03
2.130861391809412908e+03
2.136165111690414506e+03
2.141459293635055019e+03
2.146743959131643351e+03
2.152019129643424549e+03
2.157284826608231469e+03
2.162541071438140534e+03
2.167787885519127940e+03
2.173025290210733601e+03
2.178253306845731458e+03
2.183471956729805697e+03
2.188681261141225150e+03
2.193881241330532248e+03
2.199071918520233339e+03
2.204253313904486276e+03
2.209425448648806650e+03
2.214588343889769476e+03
2.219742020734715425e+03
2.224886500261468427e+03
2.230021803518049182e+03
2.235147951522403218e+03
2.240264965262124406e+03
2.245372865694185293e+03
2.250471673744680629e+03
2.255561410308558607e+03
2.260642096249375754e+03
2.265713752399037276e+03
2.270776399557558761e+03
2.275830058492820626e+03
2.280874749940328002e+03
2.285910494602982908e+03
2.290937313150852333e+03
2.295955226220940858e+03
2.300964254416975564e+03
2.305964418309179564e+03
2.310955738434070554e+03
2.315938235294240712e+03
2.320911929358158886e+03
2.325876841059967774e+03
2.330832990799281106e+03
2.335780398940998111e+03
2.340719085815106610e+03
2.345649071716500657e+03
2.350570376904797740e+03
2.355483021604155510e+03
2.360387026003102619e+03
2.365282410254360457e+03
2.370169194474680808e+03
2.375047398744676229e+03
2.379917043108659982e+03
2.384778147574489140e+03
2.389630732113408158e+03
2.394474816659897897e+03
2.399310421111529649e+03
2.404137565328815526e+03
2.408956269135071125e+03
2.413766552316275465e+03
2.418568434620935022e+03
2.423361935759953667e+03
2.428147075406498516e+03
2.432923873195882152e+03
2.437692348725429838e+03
2.442452521554366740e+03
2.447204411203699692e+03
2.451948037156097598e+03
2.456683418855785021e+03
2.461410575708434862e+03
2.466129527081057404e+03
2.470840292301901627e+03
2.475542890660352896e+03
2.480237341406835185e+03
2.484923663752717857e+03
2.489601876870223350e+03
2.494271999892337590e+03
2.498934051912719042e+03
2.503588051985619586e+03
2.508234019125802661e+03
2.512871972308459135e+03
2.517501930469135459e+03
2.522123912503655447e+03
2.526737937268050246e+03
2.531344023578487850e+03
2.535942190211207617e+03
2.540532455902453421e+03
2.545114839348410442e+03
2.549689359205146047e+03
2.554256034088552042e+03
2.558814882574288276e+03
2.563365923197728534e+03
2.567909174453908236e+03
2.572444654797476687e+03
2.576972382642649336e+03
2.581492376363161839e+03
2.586004654292228224e+03
2.590509234722496785e+03
2.595006135906013697e+03
2.599495376054186181e+03
2.603976973337746131e+03
2.608450945886716909e+03
2.612917311790380609e+03
2.617376089097251224e+03
2.621827295815046909e+03
2.626270949910662239e+03
2.630707069310145471e+03
2.635135671898675810e+03
2.639556775520544306e+03
2.643970397979132940e+03
2.648376557036901431e+03
2.652775270415368595e+03
2.657166555795100521e+03
2.661550430815696018e+03
2.665926913075780703e+03
2.670296020132996091e+03
2.674657769503993222e+03
2.679012178664425392e+03
2.683359265048944508e+03
2.687699046051203823e+03
2.692031539023849291e+03
2.696356761278525937e+03
2.700674730085877400e+03
2.704985462675549115e+03
2.709288976236196049e+03
2.713585287915485878e+03
2.717874414820109905e+03
2.722156374015787605e+03
2.726431182527281635e+03
2.730698857338409198e+03
2.734959415392052506e+03
2.739212873590175604e+03
2.743459248793838469e+03
2.747698557823213832e+03
2.751930817457609919e+03
2.756156044435482727e+03
2.760374255454462855e+03
2.764585467171372784e+03
2.768789696202253708e+03
2.772986959122386452e+03
2.777177272466321028e+03
2.781360652727897104e+03
2.785537116360277196e+03
2.789706679775970770e+03
2.793869359346868805e+03
2.798025171404271077e+03
2.802174132238918901e+03
2.806316258101026961e+03
2.810451565200319692e+03
2.814580069706063568e+03
2.818701787747105755e+03
2.822816735411907757e+03
2.826924928748584534e+03
2.831026383764944057e+03
2.835121116428526875e+03
2.839209142666644766e+03
2.843290478366425305e+03
2.847365139374850969e+03
2.851433141498802797e+03
2.855494500505107226e+03
2.859549232120579745e+03
2.863597352032068102e+03
2.867638875886502319e+03
2.871673819290937445e+03
2.875702197812609484e+03
2.879724026978975871e+03
2.883739322277770043e+03
2.887748099157051456e+03
2.891750373025252429e+03
2.895746159251238169e+03
2.899735473164350879e+03
2.903718330054470698e+03
2.907694745172061630e+03
2.911664733728231568e+03
2.915628310894788683e+03
2.919585491804292815e+03
2.923536291550116403e+03
2.927480725186498603e+03
2.931418807728602587e+03
2.935350554152578297e+03
2.939275979395619288e+03
2.943195098356022754e+03
2.947107925893245010e+03
2.951014476827971066e+03
2.954914765942167833e+03
2.958808807979154153e+03
2.962696617643655827e+03
2.966578209601871549e+03
2.970453598481537028e+03
2.974322798871988653e+03
2.978185825324228517e+03
2.982042692350988546e+03
2.985893414426795061e+03
2.989738005988036548e+03
2.993576481433029585e+03
2.997408855122087061e+03
3.001235141377581385e+03
3.005055354484017244e+03
3.008869508688094356e+03
3.012677618198783875e+03
3.016479697187390229e+03
3.020275759787620245e+03
3.024065820095661820e+03
3.027849892170242128e+03
3.031627990032707203e+03
3.035400127667091510e+03
3.039166319020182073e+03
3.042926578001601229e+03
3.046680918483868481e+03
3.050429354302479624e+03
3.054171899255978133e+03
3.057908567106023384e+03
3.061639371577471138e+03
3.065364326358441303e+03
3.069083445100395693e+03
3.072796741418209876e+03
3.076504228890248214e+03
3.080205921058440708e+03
3.083901831428352125e+03
3.087591973469265213e+03
3.091276360614251644e+03
3.094955006260245682e+03
3.098627923768126493e+03
3.102295126462789540e+03
3.105956627633223889e+03
3.109612440532591336e+03
3.113262578378299168e+03
3.116907054352082469e+03
3.120545881600076427e+03
3.124179073232897281e+03
3.127806642325719622e+03
3.131428601918352797e+03
3.135044965015321850e+03
3.138655744585940738e+03
3.142260953564397823e+03
3.145860604849829087e+03
3.149454711306398167e+03
3.153043285763377298e+03
3.156626341015224625e+03
3.160203889821662870e+03
3.163775944907762550e+03
3.167342518964015653e+03
3.170903624646419757e+03
3.174459274576556709e+03
3.178009481341672199e+03
3.181554257494756712e+03
3.185093615554623284e+03
3.188627568005990270e+03
3.192156127299560922e+03
3.195679305852104790e+03
3.199197116046536394e+03
3.202709570231995713e+03
3.206216680723930949e+03
3.209718459804178565e+03
3.213214919721043316e+03
3.216706072689381472e+03
3.220191930890677213e+03
3.223672506473128124e+03
3.227147811551725681e+03
3.230617858208333928e+03
3.234082658491774509e+03
3.237542224417903981e+03
3.240996567969696116e+03
3.244445701097326037e+03
3.247889635718249792e+03
3.251328383717285760e+03
3.254761956946693772e+03
3.258190367226260150e+03
3.261613626343378655e+03
3.265031746053130519e+03
3.268444738078367209e+03
3.271852614109790466e+03
3.275255385806035065e+03
3.278653064793749763e+03
3.282045662667681427e+03
3.285433190990751882e+03
3.288815661294142501e+03
3.292193085077374690e+03
3.295565473808393108e+03
3.298932838923645249e+03
3.302295191828163752e+03
3.305652543895646431e+03
3.309004906468540412e+03
3.312352290858121250e+03
3.315694708344575702e+03
3.319032170177082662e+03
3.322364687573893207e+03
3.325692271722412897e+03
3.329014933779284547e+03
3.332332684870465982e+03
3.335645536091315989e+03
3.338953498506668893e+03
3.342256583150920505e+03
3.345554801028108614e+03
3.348848163111992108e+03
3.352136680346134654e+03
3.355420363643981091e+03
3.358699223888941560e+03
3.361973271934472450e+03
3.365242518604154156e+03
3.368506974691775213e+03
3.371766650961410051e+03
3.375021558147499945e+03
3.378271706954933052e+03
3.381517108059126713e+03
3.384757772106105676e+03
3.387993709712582586e+03
3.391224931466036196e+03
3.394451447924795048e+03
3.397673269618115683e+03
3.400890407046260862e+03
3.404102870680580054e+03
3.407310670963589473e+03
3.410513818309052567e+03
3.413712323102055507e+03
3.416906195699091768e+03
3.420095446428136256e+03
3.423280085588727616e+03
3.426460123452045536e+03
3.429635570260991244e+03
3.432806436230264808e+03
3.435972731546442901e+03
3.439134466368059293e+03
3.442291650825683064e+03
3.445444295021994549e+03
3.448592409031869011e+03
3.451736002902445762e+03
3.454875086653214112e+03
3.458009670276088400e+03
3.461139763735483939e+03
3.464265376968399323e+03
3.467386519884486916e+03
3.470503202366136065e+03
3.473615434268547688e+03
3.476723225419812934e+03
3.479826585620988226e+03
3.482925524646172562e+03
3.486020052242585734e+03
3.489110178130641543e+03
3.492195912004028287e+03
3.495277263529783340e+03
3.498354242348368189e+03
3.501426858073744825e+03
3.504495120293453056e+03
3.507559038568685992e+03
3.510618622434362806e+03
3.513673881399208767e+03
3.516724824945826185e+03
3.519771462530772169e+03
3.522813803584634115e+03
3.525851857512102015e+03
3.528885633692045758e+03
3.531915141477586985e+03
3.534940390196178669e+03
3.537961389149671049e+03
3.540978147614396221e+03
3.543990674841233158e+03
3.546998980055684569e+03
3.550003072457953749e+03
3.553002961223013244e+03
3.555998655500682162e+03
3.558990164415696199e+03
3.561977497067784043e+03
3.564960662531736943e+03
3.567939669857484205e+03
3.570914528070165034e+03
3.573885246170199935e+03
3.576851833133364380e+03
3.579814297910859295e+03
3.582772649429387002e+03
3.585726896591218519e+03
3.588677048274266781e+03
3.591623113332159392e+03
3.594565100594307751e+03
3.597503018865982085e+03
3.600436876928377842e+03
3.603366683538689813e+03
3.606292447430181710e+03
3.609214177312257107e+03
3.612131881870529014e+03
3.615045569766892186e+03
3.617955249639589510e+03
3.620860930103286591e+03
3.623762619749138594e+03
3.626660327144859821e+03
3.629554060834792836e+03
3.632443829339981676e+03
3.635329641158234608e+03
3.638211504764199162e+03
3.641089428609425795e+03
3.643963421122439740e+03
3.646833490708809677e+03
3.649699645751213666e+03
3.652561894609508727e+03
3.655420245620798596e+03
3.658274707099501484e+03
3.661125287337418740e+03
3.663971994603798066e+03
3.666814837145407637e+03
3.669653823186597947e+03
3.672488960929369568e+03
3.675320258553442727e+03
3.678147724216318693e+03
3.680971366053352540e+03
3.683791192177815446e+03
3.686607210680958815e+03
3.689419429632087486e+03
3.692227857078617490e+03
3.695032501046146081e+03
3.697833369538518127e+03
3.700630470537886595e+03
3.703423812004781666e+03
3.706213401878173954e+03
3.708999248075540891e+03
3.711781358492929940e+03
3.714559741005021351e+03
3.717334403465197283e+03
3.720105353705598191e+03
3.722872599537196493e+03
3.725636148749852964e+03
3.728396009112380852e+03
3.731152188372613182e+03
3.733904694257463234e+03
3.736653534472985484e+03
3.739398716704446088e+03
3.742140248616374265e+03
3.744878137852636428e+03
3.747612392036489837e+03
3.750343018770648996e+03
3.753070025637346589e+03
3.755793420198395779e+03
3.758513209995252055e+03
3.761229402549073257e+03
3.763942005360782787e+03
3.766651025911129636e+03
3.769356471660748866e+03
3.772058350050225272e+03
3.774756668500149317e+03
3.777451434411183527e+03
3.780142655164114785e+03
3.782830338119925273e+03
3.785514490619842491e+03
3.788195119985404290e+03
3.790872233518517987e+03
3.793545838501516755e+03
3.796215942197223740e+03
3.798882551849007996e+03
3.801545674680844058e+03
3.804205317897371515e+03
3.806861488683951393e+03
3.809514194206728916e+03
3.812163441612687166e+03
3.814809238029708013e+03
3.817451590566629420e+03
3.820090506313302285e+03
3.822725992340650009e+03
3.825358055700725345e+03
3.827986703426764052e+03
3.830611942533250385e+03
3.833233780015963475e+03
3.835852222852043269e+03
3.838467278000041915e+03
3.841078952399981517e+03
3.843687252973412797e+03
3.846292186623464659e+03
3.848893760234909223e+03
3.851491980674211845e+03
3.854086854789585686e+03
3.856678389411053104e+03
3.859266591350493400e+03
3.861851467401704667e+03
3.864433024340455631e+03
3.867011268924539309e+03
3.869586207893831215e+03
3.872157847970339844e+03
3.874726195858265328e+03
3.877291258244049459e+03
3.879853041796432990e+03
3.882411553166506565e+03
3.884966798987766651e+03
3.887518785876169204e+03
3.890067520430181048e+03
3.892613009230833541e+03
3.895155258841779414e+03
3.897694275809337796e+03
3.900230066662555600e+03
3.902762637913254821e+03
3.905291996056086646e+03
3.907818147568583299e+03
3.910341098911209428e+03
3.912860856527415308e+03
3.915377426843689136e+03
3.917890816269605693e+03
3.920401031197882276e+03
3.922908078004424624e+03
3.925411963048383313e+03
3.927912692672201501e+03
3.930410273201666769e+03
3.932904710945961597e+03
3.935396012197713844e+03
3.937884183233047224e+03
3.940369230311632236e+03
3.942851159676734369e+03
3.945329977555266851e+03
3.947805690157836580e+03
3.950278303678798238e+03
3.952747824296300223e+03
3.955214258172334212e+03
3.957677611452787460e+03
3.960137890267486910e+03
3.962595100730252852e+03
3.965049248938944402e+03
3.967500340975508607e+03
3.969948382906030474e+03
3.972393380780779353e+03
3.974835340634257591e+03
3.977274268485247831e+03
3.979710170336863939e+03
3.982143052176593756e+03
3.984572919976350022e+03
3.986999779692516313e+03
3.989423637265996149e+03
3.991844498622255742e+03
3.994262369671377201e+03
3.996677256308098094e+03
3.999089164411865113e+03
4.001498099846873629e+03
4.003904068462121813e+03
4.006307076091448835e+03
4.008707128553585790e+03
4.011104231652201179e+03
4.013498391175944107e+03
4.015889612898492032e+03
4.018277902578598059e+03
4.020663265960130502e+03
4.023045708772123362e+03
4.025425236728818618e+03
4.027801855529712611e+03
4.030175570859599247e+03
4.032546388388615924e+03
4.034914313772287187e+03
4.037279352651569752e+03
4.039641510652895249e+03
4.042000793388216152e+03
4.044357206455048072e+03
4.046710755436513864e+03
4.049061445901389106e+03
4.051409283404141206e+03
4.053754273484978512e+03
4.056096421669888059e+03
4.058435733470681953e+03
4.060772214385038751e+03
4.063105869896548029e+03
4.065436705474749942e+03
4.067764726575181157e+03
4.070089938639416232e+03
4.072412347095106270e+03
4.074731957356026669e+03
4.077048774822117139e+03
4.079362804879518990e+03
4.081674052900623792e+03
4.083982524244110664e+03
4.086288224254989018e+03
4.088591158264641308e+03
4.090891331590858044e+03
4.093188749537888270e+03
4.095483417396471850e+03
4.097775340443886307e+03
4.100064523943982749e+03
4.102350973147231343e+03
4.104634693290756331e+03
4.106915689598380595e+03
4.109193967280662946e+03
4.111469531534940870e+03
4.113742387545366910e+03
4.116012540482950499e+03
4.118279995505598890e+03
4.120544757758152628e+03
4.122806832372428289e+03
4.125066224467258508e+03
4.127322939148526530e+03
4.129576981509208963e+03
4.131828356629413065e+03
4.134077069576416761e+03
4.136323125404705934e+03
4.138566529156013530e+03
4.140807285859355943e+03
4.143045400531074847e+03
4.145280878174875397e+03
4.147513723781856243e+03
4.149743942330559548e+03
4.151971538786996462e+03
4.154196518104697134e+03
4.156418885224736187e+03
4.158638645075778186e+03
4.160855802574114932e+03
4.163070362623692745e+03
4.165282330116163394e+03
4.167491709930911384e+03
4.169698506935093974e+03
4.171902725983678465e+03
4.174104371919474033e+03
4.176303449573176295e+03
4.178499963763396408e+03
4.180693919296698368e+03
4.182885320967640837e+03
4.185074173558804432e+03
4.187260481840835382e+03
4.189444250572472811e+03
4.191625484500595121e+03
4.193804188360244552e+03
4.195980366874669016e+03
4.198154024755356659e+03
4.200325166702068600e+03
4.202493797402875316e+03
4.204659921534193927e+03
4.206823543760816392e+03
4.208984668735953164e+03
4.211143301101256839e+03
4.213299445486869445e+03
4.215453106511446094e+03
4.217604288782190451e+03
4.219752996894898388e+03
4.221899235433978902e+03
4.224043008972495954e+03
4.226184322072202121e+03
4.228323179283566787e+03
4.230459585145817073e+03
4.232593544186964209e+03
4.234725060923841738e+03
4.236854139862138254e+03
4.238980785496427416e+03
4.241105002310204327e+03
4.243226794775915550e+03
4.245346167354993668e+03
4.247463124497890931e+03
4.249577670644109276e+03
4.251689810222233973e+03
4.253799547649966371e+03
4.255906887334154817e+03
4.258011833670829219e+03
4.260114391045230150e+03
4.262214563831844316e+03
4.264312356394430935e+03
4.266407773086060843e+03
4.268500818249140139e+03
4.270591496215448387e+03
4.272679811306165902e+03
4.274765767831906487e+03
4.276849370092748359e+03
4.278930622378266889e+03
4.281009528967562801e+03
4.283086094129293997e+03
4.285160322121708305e+03
4.287232217192669850e+03
4.289301783579697258e+03
4.291369025509983658e+03
4.293433947200436705e+03
4.295496552857703136e+03
4.297556846678201509e+03
4.299614832848152219e+03
4.301670515543602960e+03
4.303723898930468749e+03
4.305774987164549202e+03
4.307823784391567642e+03
4.309870294747197477e+03
4.311914522357092210e+03
4.313956471336911818e+03
4.315996145792356401e+03
4.318033549819195287e+03
4.320068687503292495e+03
4.322101562920636752e+03
4.324132180137374235e+03
4.326160543209831303e+03
4.328186656184550884e+03
4.330210523098313388e+03
4.332232147978168541e+03
4.334251534841467219e+03
4.336268687695884182e+03
4.338283610539447182e+03
4.340296307360570609e+03
4.342306782138076414e+03
4.344315038841226851e+03
4.346321081429751757e+03
4.348324913853874932e+03
4.350326540054339603e+03
4.352325963962443893e+03
4.354323189500059925e+03
4.356318220579665649e+03
4.358311061104371220e+03
4.360301714967946282e+03
4.362290186054849073e+03
4.364276478240248252e+03
4.366260595390056551e+03
4.368242541360951691e+03
4.370222320000408217e+03
4.372199935146721145e+03
4.374175390629033245e+03
4.376148690267361417e+03
4.378119837872625794e+03
4.380088837246671574e+03
4.380088837246671574e+03
4.440903607877778995e+03
4.499712502790587678e+03
4.556620896295124112e+03
4.611726799980491705e+03
4.665121485985436266e+03
4.716890050284023346e+03
4.767111922184194555e+03
4.815861325600319105e+03
4.863207697078247293e+03
4.909216065022607836e+03
4.953947394099286612e+03
4.997458898358068836e+03
5.039804326237607711e+03
5.081034220273363644e+03
5.121196154025051328e+03
5.160334948469623669e+03
5.198492869865517605e+03
5.235709811214337606e+03
5.272023457675039936e+03
5.307469438575598360e+03
5.342081468261729242e+03
5.375891474272866617e+03
5.408929715729917007e+03
5.441224892422696030e+03
5.472804245432183052e+03
5.503693650039397653e+03
5.533917701598356871e+03
5.563499794984240907e+03
5.592462198168652321e+03
5.620826120420838379e+03
5.648611775586372460e+03
5.675838440852247913e+03
5.702524511369284482e+03
5.728687551068513130e+03
5.754344339977488744e+03
5.779510918314804258e+03
5.804202627616235986e+03
5.828434149123429961e+03
5.852219539645889199e+03
5.875572265088641871e+03
5.898505231821514826e+03
5.921030816050915746e+03
5.943160891341527531e+03
5.964906854422994002e+03
5.986279649405523742e+03
6.007289790518247173e+03
6.027947383474900562e+03
6.048262145563056038e+03
6.068243424545466041e+03
6.087900216455137524e+03
6.107241182359392042e+03
6.126274664162351655e+03
6.145008699509998223e+03
6.163451035857104216e+03
6.181609143750853036e+03
6.199490229381954123e+03
6.217101246450236431e+03
6.234448907388366933e+03
6.251539693984116639e+03
6.268379867438717156e+03
6.284975477896232405e+03
6.301332373476334396e+03
6.317456208840677391e+03
6.333352453320949280e+03
6.349026398634759062e+03
6.364483166213737604e+03
6.379727714166604528e+03
6.394764843898412437e+03
6.409599206405787299e+03
6.424235308266680477e+03
6.438677517341947350e+03
6.452930068204932468e+03
6.466997067314230662e+03
6.480882497943803173e+03
6.494590224883758310e+03
6.508123998924253101e+03
6.521487461134219302e+03
6.534684146945878638e+03
6.547717490055362759e+03
6.560590826149108580e+03
6.573307396465136662e+03
6.585870351197765558e+03
6.598282752753813838e+03
6.610547578867860466e+03
6.622667725583719402e+03
6.634646010108826886e+03
6.646485173547902377e+03
6.658187883521841286e+03
6.669756736677494700e+03
6.681194261093642126e+03
6.692502918588194916e+03
6.703685106931377959e+03
6.714743161969367065e+03
6.725679359662627576e+03
6.736495918042977792e+03
6.747194999093157094e+03
6.757778710552500343e+03
6.768249107652124621e+03
6.778608194782843384e+03
6.788857927098879372e+03
6.799000212060246668e+03
6.809036910916584020e+03
6.818969840135007871e+03
6.828800772774490724e+03
6.838531439809094081e+03
6.848163531402297849e+03
6.857698698134527149e+03
6.867138552185922890e+03
6.876484668476234219e+03
6.885738585763683659e+03
6.894901807704520252e+03
6.903975803874910525e+03
6.912962010756751624e+03
6.921861832688879986e+03
6.930676642785121658e+03
6.939407783820518489e+03
6.948056569087039861e+03
6.956624283220009602e+03
6.965112182996419506e+03
6.973521498106252693e+03
6.981853431897894552e+03
6.990109162098637171e+03
6.998289841511276791e+03
7.006396598687708320e+03
7.014430538580435496e+03
7.022392743172820701e+03
7.030284272088910257e+03
7.038106163183599165e+03
7.045859433113886553e+03
7.053545077891923938e+03
7.061164073420548448e+03
7.068717376011944907e+03
7.076205922890066176e+03
7.083630632677401991e+03
7.090992405866672016e+03
7.098292125277998821e+03
7.105530656502070087e+03
7.112708848329812099e+03
7.119827533169036542e+03
7.126887527448548099e+03
7.133889632010134846e+03
7.140834632488876196e+03
7.147723299682188554e+03
7.154556389907977064e+03
7.161334645352288135e+03
7.168058794406830202e+03
7.174729551996681039e+03
7.181347619898553603e+03
7.187913687049911459e+03
7.194428429849253007e+03
7.200892512447865556e+03
7.207306587033332107e+03
7.213671294105052766e+03
7.219987262742062740e+03
7.226255110863386108e+03
7.232475445481183669e+03
7.238648862946915870e+03
7.244775949190747269e+03
7.250857279954427213e+03
7.256893421017841320e+03
7.262884928419425705e+03
7.268832348670680403e+03
7.274736218964908403e+03
7.280597067380420413e+03
7.286415413078335405e+03
7.292191766495169759e+03
7.297926629530369610e+03
7.303620495728941933e+03
7.309273850459328060e+03
7.314887171086682429e+03
7.320460927141680259e+03
7.325995580484997845e+03
7.331491585467590994e+03
7.336949389086905285e+03
7.342369431139127300e+03
7.347752144367611436e+03
7.353097954607577776e+03
7.358407280927203828e+03
7.363680535765211971e+03
7.368918125065054483e+03
7.374120448405788920e+03
7.379287899129756624e+03
7.384420864467137108e+03
7.389519725657479285e+03
7.394584858068295034e+03
7.399616631310796947e+03
7.404615409352853931e+03
7.409581550629262892e+03
7.414515408149389259e+03
7.419417329602262726e+03
7.424287657459196453e+03
7.429126729074002469e+03
7.433934876780854211e+03
7.438712427989885327e+03
7.443459705280565686e+03
7.448177026492924597e+03
7.452864704816674021e+03
7.457523048878302689e+03
7.462152362826175704e+03
7.466752946413705104e+03
7.471325095080648680e+03
7.475869100032561619e+03
7.480385248318490085e+03
7.484873822906908572e+03
7.489335102759982874e+03
7.493769362906183233e+03
7.498176874511296774e+03
7.502557904947878342e+03
7.506912717863182479e+03
7.511241573245616564e+03
7.515544727489748766e+03
7.519822433459911736e+03
7.524074940552434782e+03
7.528302494756542728e+03
7.532505338713949641e+03
7.536683711777191093e+03
7.540837850066711326e+03
7.544967986526744426e+03
7.549074350980027702e+03
7.553157170181362744e+03
7.557216667870051424e+03
7.561253064821253247e+03
7.565266578896270403e+03
7.569257425091793266e+03
7.573225815588137266e+03
7.577171959796490228e+03
7.581096064405189281e+03
7.584998333425063720e+03
7.588878968233855630e+03
7.592738167619739215e+03
7.596576127823973366e+03
7.600393042582688395e+03
7.604189103167848771e+03
7.607964498427388207e+03
7.611719414824563501e+03
7.615454036476517103e+03
7.619168545192084821e+03
7.622863120508868633e+03
7.626537939729571917e+03
7.630193177957639818e+03
7.633829008132194758e+03
7.637445601062308015e+03
7.641043125460603733e+03
7.644621747976217193e+03
7.648181633227121893e+03
7.651722943831849989e+03
7.655245840440591564e+03
7.658750481765721815e+03
7.662237024611739798e+03
7.665705623904649656e+03
7.669156432720791599e+03
7.672589602315128104e+03
7.676005282149013510e+03
7.679403619917433389e+03
7.682784761575756420e+03
7.686148851365978771e+03
7.689496031842498269e+03
7.692826443897402896e+03
7.696140226785313644e+03
7.699437518147758965e+03
7.702718454037119955e+03
7.705983168940137148e+03
7.709231795800993496e+03
7.712464466043984430e+03
7.715681309595779567e+03
7.718882454907294232e+03
7.722068028975159905e+03
7.725238157362825405e+03
7.728392964221280636e+03
7.731532572309414718e+03
7.734657103014017594e+03
7.737766676369430570e+03
7.740861411076856712e+03
7.743941424523331989e+03
7.747006832800370830e+03
7.750057750722284254e+03
7.753094291844191503e+03
7.756116568479710622e+03
7.759124691718357099e+03
7.762118771442637808e+03
7.765098916344858480e+03
7.768065233943642852e+03
7.771017830600177149e+03
7.773956811534176268e+03
7.776882280839580744e+03
7.779794341499998154e+03
7.782693095403874395e+03
7.785578643359429407e+03
7.788451085109322776e+03
7.791310519345100147e+03
7.794157043721382252e+03
7.796990754869828379e+03
7.799811748412873385e+03
7.802620118977236416e+03
7.805415960207207718e+03
7.808199364777722622e+03
7.810970424407221799e+03
7.813729229870305062e+03
7.816475871010178707e+03
7.819210436750907320e+03
7.821933015109463668e+03
7.824643693207589422e+03
7.827342557283467613e+03
7.830029692703205001e+03
7.832705183972139821e+03
7.835369114745965817e+03
7.838021567841678007e+03
7.840662625248359291e+03
7.843292368137781523e+03
7.845910876874852875e+03
7.848518231027899674e+03
7.851114509378783623e+03
7.853699789932869862e+03
7.856274149928837687e+03
7.858837665848339384e+03
7.861390413425510815e+03
7.863932467656338304e+03
7.866463902807881823e+03
7.868984792427356297e+03
7.871495209351075573e+03
7.873995225713260879e+03
7.876484912954721949e+03
7.878964341831392630e+03
7.881433582422759173e+03
7.883892704140141177e+03
7.886341775734864314e+03
7.888780865306304804e+03
7.891210040309812939e+03
7.893629367564522909e+03
7.896038913261048037e+03
7.898438742969056875e+03
7.900828921644743787e+03
7.903209513638184944e+03
7.905580582700593368e+03
7.907942191991459367e+03
7.910294404085598217e+03
7.912637280980085052e+03
7.914970884101094271e+03
7.917295274310642526e+03
7.919610511913227128e+03
7.921916656662380774e+03
7.924213767767118952e+03
7.926501903898306409e+03
7.928781123194928114e+03
7.931051483270267454e+03
7.933313041218009857e+03
7.935565853618240908e+03
7.937809976543378070e+03
7.940045465564006918e+03
7.942272375754643690e+03
7.944490761699408722e+03
7.946700677497630750e+03
7.948902176769362995e+03
7.951095312660832860e+03
7.953280137849804305e+03
7.955456704550878385e+03
7.957625064520711931e+03
7.959785269063170745e+03
7.961937369034406402e+03
7.964081414847865744e+03
7.966217456479233988e+03
7.968345543471312340e+03
7.970465724938819221e+03
7.972578049573138742e+03
7.974682565646999137e+03
7.976779321019087547e+03
7.978868363138603854e+03
7.980949739049754498e+03
7.983023495396188082e+03
7.985089678425361853e+03
7.987148333992862717e+03
7.989199507566665488e+03
7.991243244231333847e+03
7.993279588692163998e+03
7.995308585279280123e+03
7.997330277951667995e+03
7.999344710301164923e+03
8.001351925556388778e+03
8.003351966586618801e+03
8.005344875905629124e+03
8.007330695675465904e+03
8.009309467710184435e+03
8.011281233479527145e+03
8.013246034112562484e+03
8.015203910401275607e+03
8.017154902804108133e+03
8.019099051449458784e+03
8.021036396139133103e+03
8.022966976351755875e+03
8.024890831246137168e+03
8.026807999664590170e+03
8.028718520136216284e+03
8.030622430880142929e+03
8.032519769808723140e+03
8.034410574530692429e+03
8.036294882354287438e+03
8.038172730290325489e+03
8.040044155055246847e+03
8.041909193074116956e+03
8.043767880483590488e+03
8.045620253134842642e+03
8.047466346596464064e+03
8.049306196157311206e+03
8.051139836829331216e+03
8.052967303350351358e+03
8.054788630186830233e+03
8.056603851536575348e+03
8.058413001331428859e+03
8.060216113239924198e+03
8.062013220669903603e+03
8.063804356771107450e+03
8.065589554437733568e+03
8.067368846310965637e+03
8.069142264781461563e+03
8.070909841991828216e+03
8.072671609839056146e+03
8.074427599976924284e+03
8.076177843818381916e+03
8.077922372537896081e+03
8.079661217073775333e+03
8.081394408130465308e+03
8.083121976180814272e+03
8.084843951468318664e+03
8.086560364009329533e+03
8.088271243595248052e+03
8.089976619794684666e+03
8.091676521955595490e+03
8.093370979207397795e+03
8.095060020463055480e+03
8.096743674421142714e+03
8.098421969567880296e+03
8.100094934179158372e+03
8.101762596322520039e+03
8.103424983859137683e+03
8.105082124445755653e+03
8.106734045536616577e+03
8.108380774385359473e+03
8.110022338046905134e+03
8.111658763379313314e+03
8.113290077045616272e+03
8.114916305515643216e+03
8.116537475067809282e+03
8.118153611790894502e+03
8.119764741585796401e+03
8.121370890167272591e+03
8.122972083065649713e+03
8.124568345628522366e+03
8.126159703022432950e+03
8.127746180234529675e+03
8.129327802074205465e+03
8.130904593174724141e+03
8.132476577994819309e+03
8.134043780820283246e+03
8.135606225765539421e+03
8.137163936775185903e+03
8.138716937625536957e+03
8.140265251926138262e+03
8.141808903121263029e+03
8.143347914491404481e+03
8.144882309154735594e+03
8.146412110068567927e+03
8.147937340030782252e+03
8.149458021681252831e+03
8.150974177503251667e+03
8.152485829824832763e+03
8.153993000820218185e+03
8.155495712511146849e+03
8.156993986768225113e+03
8.158487845312259196e+03
8.159977309715563933e+03
8.161462401403274271e+03
8.162943141654629471e+03
8.164419551604244589e+03
8.165891652243378303e+03
8.167359464421177108e+03
8.168823008845906770e+03
8.170282306086176504e+03
8.171737376572152243e+03
8.173188240596742617e+03
8.174634918316788571e+03
8.176077429754232071e+03
8.177515794797274793e+03
8.178950033201525002e+03
8.180380164591129869e+03
8.181806208459898698e+03
8.183228184172414331e+03
8.184646110965132721e+03
8.186060007947467966e+03
8.187469894102871876e+03
8.188875788289898082e+03
8.190277709243255231e+03
8.191675675574855632e+03
8.193069705774838440e+03
8.194459818212599203e+03
8.195846031137802129e+03
8.197228362681376893e+03
8.198606830856513625e+03
8.199981453559639704e+03
8.201352248571400196e+03
9.332531733339277707e+03
9.332563907409645253e+03
9.332596069714911209e+03
9.332628220261878596e+03
9.332660359057350433e+03
9.332692486108126104e+03
9.332724601420995896e+03
9.332756705002744638e+03
9.332788796860155344e+03
9.332820877000001929e+03
9.332852945429054671e+03
9.332885002154076574e+03
9.332917047181828821e+03
9.332949080519063500e+03
9.332981102172530882e+03
9.333013112148972141e+03
9.333045110455124814e+03
9.333077097097720980e+03
9.333109072083489082e+03
9.333141035419150285e+03
9.333172987111420298e+03
9.333204927167009373e+03
9.333236855592622305e+03
9.333268772394962070e+03
9.333300677580720730e+03
9.333332571156588529e+03
9.333364453129250251e+03
9.333396323505383407e+03
9.333428182291663688e+03
9.333460029494757691e+03
9.333491865121328374e+03
9.333523689178033237e+03
9.333555501671526144e+03
9.333587302608453683e+03
9.333619091995456984e+03
9.333650869839171719e+03
9.333682636146231744e+03
9.333714390923261817e+03
9.333746134176881242e+03
9.333777865913709320e+03
9.333809586140352621e+03
9.333841294863417716e+03
9.333872992089503896e+03
9.333904677825208637e+03
9.333936352077116680e+03
9.333968014851814587e+03
9.333999666155881641e+03
9.334031305995891671e+03
9.334062934378413047e+03
9.334094551310008683e+03
9.334126156797236035e+03
9.334157750846650742e+03
9.334189333464799347e+03
9.334220904658224754e+03
9.334252464433462592e+03
9.334284012797046671e+03
9.334315549755503525e+03
9.334347075315356051e+03
9.334378589483119868e+03
9.334410092265308776e+03
9.334441583668429303e+03
9.334473063698980695e+03
9.334504532363460385e+03
9.334535989668360344e+03
9.334567435620167089e+03
9.334598870225359860e+03
9.334630293490414260e+03
9.334661705421804072e+03
9.334693106025992165e+03
9.334724495309439590e+03
9.334755873278603758e+03
9.334787239939932988e+03
9.334818595299873778e+03
9.334849939364865349e+03
9.334881272141345107e+03
9.334912593635741359e+03
9.334943903854480595e+03
9.334975202803980210e+03
9.335006490490659417e+03
9.335037766920924696e+03
9.335069032101182529e+03
9.335100286037830301e+03
9.335131528737269036e+03
9.335162760205883387e+03
9.335193980450059826e+03
9.335225189476177547e+03
9.335256387290612111e+03
9.335287573899733616e+03
9.335318749309908526e+03
9.335349913527492390e+03
9.335381066558844395e+03
9.335412208410312815e+03
9.335443339088240464e+03
9.335474458598971978e+03
9.335505566948837441e+03
9.335536664144170572e+03
9.335567750191296000e+03
9.335598825096532892e+03
9.335629888866196779e+03
9.335660941506597737e+03
9.335691983024042202e+03
9.335723013424829333e+03
9.335754032715256471e+03
9.335785040901611865e+03
9.335816037990181940e+03
9.335847023987247667e+03
9.335877998899086379e+03
9.335908962731968131e+03
9.335939915492157525e+03
9.335970857185917339e+03
9.336001787819503079e+03
9.336032707399166611e+03
9.336063615931152526e+03
9.336094513421707234e+03
9.336125399877062591e+03
9.336156275303454095e+03
9.336187139707108145e+03
9.336217993094243866e+03
9.336248835471082202e+03
9.336279666843835003e+03
9.336310487218708658e+03
9.336341296601907743e+03
9.336372094999631372e+03
9.336402882418069566e+03
9.336433658863412347e+03
