4.437129124287888260e+01
8.853073358519682756e+01
1.324772832910386740e+02
1.762098862175496663e+02
2.197274801498823535e+02
2.630292680766473268e+02
3.061142644961768724e+02
3.489817805564140940e+02
3.916310648405569736e+02
4.340613717036534354e+02
4.762722127188530408e+02
5.182630182999511135e+02
5.600332742887634367e+02
6.015825524017469661e+02
6.429105009348313615e+02
6.840168395228070040e+02
7.249013148672813713e+02
7.655637304612380376e+02
8.060039488046727456e+02
8.462218899954528979e+02
8.862175303821097714e+02
9.259908718395532787e+02
9.655419700936374738e+02
1.004870945536619956e+03
1.043977982812126584e+03
1.082863337567417602e+03
1.121527248578601984e+03
1.159969934743289514e+03
1.198191822417932826e+03
1.236193358382449560e+03
1.273974810506508220e+03
1.311536789989776480e+03
1.348879757073874771e+03
1.386004203008273180e+03
1.422910840926473156e+03
1.459600108476133983e+03
1.496072845946410098e+03
1.532329545667587809e+03
1.568371087443868646e+03
1.604198103527498461e+03
1.639811377033636063e+03
1.675211798879139224e+03
1.710400023727643884e+03
1.745377075948848187e+03
1.780143774083365997e+03
1.814700913375691925e+03
1.849049558397745386e+03
1.883190630789961006e+03
1.917125018270941837e+03
1.950853693903074145e+03
1.984377766001595546e+03
2.017698217434562594e+03
2.050816048489848527e+03
2.083732288410300953e+03
2.116448008823234431e+03
2.148964346877386561e+03
2.181282383277935423e+03
2.213403209647438416e+03
2.245327934663379892e+03
2.277057681294447320e+03
2.308593585383831851e+03
2.339936793865264008e+03
2.371088462803087168e+03
2.402049756721107769e+03
2.432821847095478006e+03
2.463405911233106508e+03
2.493803132006684336e+03
2.524014696674439620e+03
2.554041796322669143e+03
2.583885626003743255e+03
2.613547383746811647e+03
2.643028270589500607e+03
2.672329490776680814e+03
2.701452251214399439e+03
2.730397761834036828e+03
2.759167235912459091e+03
2.787761889915357642e+03
2.816182944074207626e+03
2.844431623024718647e+03
2.872509120902737777e+03
2.900416601146777793e+03
2.928155280277011116e+03
2.955726380349697138e+03
2.983131129181389952e+03
3.010370761325505555e+03
3.037446452312583006e+03
3.064359314596384138e+03
3.091110573665974698e+03
3.117701466333380722e+03
3.144133236513926931e+03
3.170406963485142569e+03
3.196523783407150859e+03
3.222484940825814647e+03
3.248291691986851674e+03
3.273945080667451293e+03
3.299446215457216567e+03
3.324796358141747078e+03
3.349996728249835996e+03
3.375048258694078413e+03
3.399952166063286768e+03
3.424709730555092847e+03
3.449321888589329774e+03
3.473789755562035680e+03
3.498114636235300168e+03
3.522297465631897012e+03
3.546339307171190740e+03
3.570241479181303930e+03
3.594004840290064294e+03
3.617630499983754817e+03
3.641119743848559210e+03
3.664473325943641157e+03
3.687692491097201582e+03
3.710778351013386782e+03
3.733731692812596066e+03
3.756553884875347194e+03
3.779245664722668607e+03
3.801808181918467653e+03
3.824242557908975414e+03
3.846549518921233812e+03
3.868730433963580253e+03
3.890785912314147026e+03
3.912717256187791918e+03
3.934525247046800359e+03
3.956210899844063988e+03
3.977775304427666924e+03
3.999219157034441196e+03
4.020543756005593423e+03
4.041749632327504514e+03
4.062838160864646397e+03
4.083809812923538175e+03
4.104665960972981338e+03
4.125407071408695629e+03
4.146034481320428313e+03
4.166548665660744518e+03
4.186950926317748781e+03
4.207241736284096987e+03
4.227422381572947415e+03
4.247493308125666772e+03
4.267455812074792448e+03
4.287310289618045317e+03
4.307058065174996045e+03
4.326699475581715888e+03
4.346235870526007602e+03
4.365667547647926767e+03
4.384995843214315755e+03
4.404221078313342332e+03
4.423344486207359296e+03
4.442366533651805184e+03
4.461288194745195142e+03
4.480110246389131134e+03
4.498833259539439496e+03
4.517458380280671008e+03
4.535985870920161688e+03
4.554417047328655826e+03
4.572752126258748831e+03
4.590992267925450506e+03
4.609138013038384997e+03
4.627189972395563018e+03
4.645149243503383332e+03
4.663016007253611861e+03
4.680791546001863026e+03
4.698476144047147500e+03
4.716070610575410683e+03
4.733575849783610465e+03
4.750992058250189075e+03
4.768320505105445591e+03
4.785561444097838830e+03
4.802715586447239730e+03
4.819783908805072315e+03
4.836766519432036148e+03
4.853664610143616301e+03
4.870478592115156971e+03
4.887208843886210161e+03
4.903856563435368116e+03
4.920421875152796929e+03
4.936905531906430951e+03
4.953308436784625883e+03
4.969630654788444190e+03
4.985873250710119464e+03
5.002036775153133931e+03
5.018121375769041151e+03
5.034128231340740058e+03
5.050057684063268425e+03
5.065909967531863913e+03
5.081686272859962628e+03
5.097386832637698717e+03
5.113011933906028389e+03
5.128562748820786510e+03
5.144039462889611059e+03
5.159442366053455771e+03
5.174772616908373493e+03
5.190030397822578379e+03
5.205215950723094466e+03
5.220330428491023667e+03
5.235374052734119687e+03
5.250346983264385926e+03
5.265250341638293321e+03
5.280084447762798845e+03
5.294849380682750962e+03
5.309546134140302456e+03
5.324175221183603753e+03
5.338736693058075616e+03
5.353231219260494072e+03
5.367659645752413780e+03
5.382022024587956366e+03
5.396318662605740428e+03
5.410550644713328438e+03
5.424718130424045739e+03
5.438821200310943823e+03
5.452860811248830032e+03
5.466837461033901491e+03
5.480751201224654324e+03
5.494602428846656949e+03
5.508392155383177851e+03
5.522120486922310192e+03
5.535787493123916647e+03
5.549394063832249230e+03
5.562940738560912905e+03
5.576427567915307918e+03
5.589854772764266272e+03
5.603223396309864256e+03
5.616533652174844065e+03
5.629785593533503743e+03
5.642979659677311247e+03
5.656116784851220473e+03
5.669197051901971463e+03
5.682220515592985976e+03
5.695187806970146084e+03
5.708099680596827966e+03
5.720956185720895519e+03
5.733757378204997622e+03
5.746503989125475528e+03
5.759196652863827694e+03
5.771835416654460460e+03
5.784420335677442381e+03
5.796952124403574089e+03
5.809431414252278046e+03
5.821858251695522995e+03
5.834232690239233307e+03
5.846555312153229352e+03
5.858826859495224198e+03
5.871047380382125993e+03
5.883216926226377836e+03
5.895335866994703792e+03
5.907405095814103333e+03
5.919424702496135978e+03
5.931394735983739338e+03
5.943315351142896361e+03
5.955187479891421390e+03
5.967011369796488907e+03
5.978787066613481329e+03
5.990514621982829340e+03
6.002194662868449086e+03
6.013827827235080804e+03
6.025414157304529908e+03
6.036953700886372644e+03
6.048446630698107583e+03
6.059893855143442124e+03
6.071295583430443912e+03
6.082651859102429626e+03
6.093962730950590412e+03
6.105228616924421658e+03
6.116450303177092792e+03
6.127627850423276868e+03
6.138761302629596685e+03
6.149850709120826650e+03
6.160896707542264267e+03
6.171899861329466148e+03
6.182860209355857478e+03
6.193777795238139333e+03
6.204652675826973791e+03
6.215485566500353343e+03
6.226276922193075734e+03
6.237026780955784488e+03
6.247735185297447060e+03
6.258402186349573640e+03
6.269028456435649787e+03
6.279614477166883262e+03
6.290160285179346829e+03
6.300665921313940089e+03
6.311131430479858864e+03
6.321557301372526126e+03
6.331944180959825644e+03
6.342292107741432119e+03
6.352601120345912022e+03
6.362871261255409991e+03
6.373102760211183522e+03
6.383296424882782958e+03
6.393452372718284096e+03
6.403570639668923832e+03
6.413651265350049471e+03
6.423694300983912399e+03
6.433700410733686113e+03
6.443670016278298135e+03
6.453603150516001733e+03
6.463499849841258765e+03
6.473360154035494816e+03
6.483184230435153950e+03
6.492972866607208744e+03
6.502726218212945241e+03
6.512444318080863923e+03
6.522127202285202657e+03
6.531774910045691286e+03
6.541387729024801956e+03
6.550966386401119962e+03
6.560510953080907711e+03
6.570021461180414917e+03
6.579497945842178524e+03
6.588940445142714452e+03
6.598349267298837731e+03
6.607725107835329254e+03
6.617068025688146008e+03
6.626378051669845263e+03
6.635655219428201235e+03
6.644899565360909946e+03
6.654111301310211275e+03
6.663291156939542816e+03
6.672439232223432555e+03
6.681555556229374815e+03
6.690640160692027166e+03
6.699693079934145317e+03
6.708714386545598245e+03
6.717704763205885683e+03
6.726664476772252783e+03
6.735593554111847880e+03
6.744492024613349713e+03
6.753359920113417502e+03
6.762197274824954548e+03
6.771004382557421195e+03
6.779781892580586828e+03
6.788529856633611416e+03
6.797248301480806731e+03
6.805937256210825581e+03
6.814596752169699357e+03
6.823226823203137428e+03
6.831827969350501007e+03
6.840400636112916800e+03
6.848944847298344939e+03
6.857460628932567488e+03
6.865948009196459680e+03
6.874407018364752730e+03
6.882837691760121743e+03
6.891240561935673213e+03
6.899616017283390647e+03
6.907964080563149764e+03
6.916284776600388795e+03
6.924578132228551112e+03
6.932844176232891186e+03
6.941082939295584765e+03
6.949294808520190600e+03
6.957480298483181286e+03
6.965639433536171964e+03
6.973772236886280552e+03
6.981878733621561878e+03
6.989958950659213770e+03
6.998012916694990054e+03
7.006040770340101517e+03
7.014043160972303667e+03
7.022020208105917845e+03
7.029971932970989656e+03
7.037898358568982076e+03
7.045799509624862367e+03
7.053675412540269463e+03
7.061526095347759110e+03
7.069351885697005855e+03
7.077153310862916442e+03
7.084930398079944098e+03
7.092683168004487925e+03
7.100411642924852458e+03
7.108115846717747445e+03
7.115795804805768057e+03
7.123451544115816432e+03
7.131083445715299604e+03
7.138691968621857086e+03
7.146277132149731187e+03
7.153838955919280124e+03
7.161377461063529154e+03
7.168892670188491138e+03
7.176384607334373868e+03
7.183853297937635034e+03
7.191298989891184647e+03
7.198722234482567728e+03
7.206123071654887099e+03
7.213501519617064332e+03
7.220857597988612724e+03
7.228191327763294794e+03
7.235502731273560130e+03
7.242791832155759039e+03
7.250058684754787464e+03
7.257303842887024075e+03
7.264527519742854565e+03
7.271729731815483319e+03
7.278910496921211234e+03
7.286069834165996326e+03
7.293207763912711016e+03
7.300324307749117906e+03
7.307419488456504951e+03
7.314493421195937117e+03
7.321546680279863722e+03
