2.223981653925011415e+01
6.656044228666050344e+01
1.106682227536913103e+02
1.545619454922267835e+02
1.982407188844135817e+02
2.417034750502648706e+02
2.849494223930827843e+02
3.279776255573772232e+02
3.707874583438219247e+02
4.133780948647964806e+02
4.557489540324149857e+02
4.978995084683043615e+02
5.398291954338354799e+02
5.815375461746525616e+02
6.230241734318517501e+02
6.642887750050564364e+02
7.053310724520365511e+02
7.461508394147497256e+02
7.867479097649461437e+02
8.271221752935936138e+02
8.672735850845496088e+02
9.072021437114115088e+02
9.469078738624773450e+02
9.863908581495386443e+02
1.025651247163915514e+03
1.064689258445623409e+03
1.103505180742582070e+03
1.142099217439237918e+03
1.180471672164735537e+03
1.218623016988099153e+03
1.256553629702001899e+03
1.294263873701936291e+03
1.331754411709785245e+03
1.369025590108170945e+03
1.406078115955365320e+03
1.442912505977249111e+03
1.479529444746023728e+03
1.515929563128346217e+03
1.552113620687327966e+03
1.588082240112970112e+03
1.623836344011737765e+03
1.659376524148655108e+03
1.694703786676029495e+03
1.729818884692132087e+03
1.764722611993431883e+03
1.799416028430539427e+03
1.833899954435080417e+03
1.868175253821170145e+03
1.902243016640722090e+03
1.936104201781437951e+03
1.969759747772345008e+03
2.003210635594635733e+03
2.036457979445720412e+03
2.069502837333194293e+03
2.102346243176123153e+03
2.134989256394001131e+03
2.167432958314852385e+03
2.199678449141545116e+03
2.231726871753055093e+03
2.263579367030567937e+03
2.295237063131084597e+03
2.326701101295876470e+03
2.357972633666459842e+03
2.389052822077317614e+03
2.419942837036021501e+03
2.450643856055317883e+03
2.481157063234082671e+03
2.511483648422065471e+03
2.541624806126039857e+03
2.571581735588799802e+03
2.601355640188302914e+03
2.630947726816395516e+03
2.660359206262479347e+03
2.689591292860283374e+03
2.718645204304801609e+03
2.747522162263919654e+03
2.776223375882972960e+03
2.804750030619255995e+03
2.833103342181202606e+03
2.861284530599361005e+03
2.889294819639696016e+03
2.917135437813149110e+03
2.944807618903259026e+03
2.972312575929789091e+03
2.999651434535952831e+03
3.026825409353610667e+03
3.053835732709820604e+03
3.080683645269856243e+03
3.107370369174035659e+03
3.133896971500662858e+03
3.160264656945513707e+03
3.186474671344373292e+03
3.212528265050178561e+03
3.238426478779527315e+03
3.264170461999987310e+03
3.289761474024640847e+03
3.315200745601281596e+03
3.340489235997694777e+03
3.365628150677926442e+03
3.390618773650400726e+03
3.415462125216082768e+03
3.440159254490057720e+03
3.464711459934523191e+03
3.489119830076069320e+03
3.513385301850720680e+03
3.537509189327152853e+03
3.561492555564049781e+03
3.585336317275649435e+03
3.609041816190886948e+03
3.632609971895378749e+03
3.656041802530754921e+03
3.679338629791793210e+03
3.702501197036147460e+03
3.725530727076518815e+03
3.748428338676227668e+03
3.771194801394003207e+03
3.793831489728175256e+03
3.816339100544735174e+03
3.838718832416685927e+03
3.860971720382512558e+03
3.883098553686964806e+03
3.905100661272398156e+03
3.926978625679752895e+03
3.948733820637886765e+03
3.970366868765449453e+03
3.991878987774164671e+03
4.013270995480157126e+03
4.034543849116559613e+03
4.055698606943830782e+03
4.076735980038029538e+03
4.097657188793659770e+03
4.118462798171552095e+03
4.139154110042428329e+03
4.159731605842284807e+03
4.180196620471919232e+03
4.200549588327874517e+03
4.220791851073815451e+03
4.240923816159676790e+03
4.260946813131495219e+03
4.280861243434621429e+03
4.300668400130646660e+03
4.320368711271100437e+03
4.339963388500648762e+03
4.359452947620740815e+03
4.378838439855977413e+03
4.398120567916250366e+03
4.417300103949280128e+03
4.436378032692030501e+03
4.455354822510200393e+03
4.474231702964137185e+03
4.493008932990356698e+03
4.511687841640391525e+03
4.530268672223950489e+03
4.548752609657836729e+03
4.567140174533334175e+03
4.585432073440053500e+03
4.603629333553439210e+03
4.621732209510357279e+03
4.639742002008130839e+03
4.657658910160407686e+03
4.675483990679867020e+03
4.693217900389517126e+03
4.710861034662675593e+03
4.728414625691212677e+03
4.745878800303724347e+03
4.763254652914610233e+03
4.780542772952302585e+03
4.797743502530678597e+03
4.814858079790655211e+03
4.831886644593031633e+03
4.848830077478065505e+03
4.865689184083893451e+03
4.882464105036034198e+03
4.899156056219194397e+03
4.915765383534670036e+03
4.932292479024733439e+03
4.948738526300166995e+03
4.965103645689021505e+03
4.981388529919156099e+03
4.997594129195704227e+03
5.013720495056691107e+03
5.029768583963094898e+03
5.045739066013908996e+03
5.061632022641223557e+03
5.077448534855139769e+03
5.093189100661194971e+03
5.108853832123275424e+03
5.124443849329087243e+03
5.139959568402011428e+03
5.155401106650296242e+03
5.170769577152460442e+03
5.186065384279081627e+03
5.201288623604810709e+03
5.216440360187746592e+03
5.231521053934625343e+03
5.246530767419163567e+03
5.261470445445606856e+03
5.276340686264273245e+03
5.291141539964081858e+03
5.305873698047318612e+03
5.320538006580894944e+03
5.335134516678539512e+03
5.349663616750086476e+03
5.364126372827283376e+03
5.378522902828108272e+03
5.392853351020946320e+03
5.407118791741528185e+03
5.421319562569585287e+03
5.435455717172821096e+03
5.449527937981782998e+03
5.463537027443662737e+03
5.477483036588508185e+03
5.491366174817130741e+03
5.505187515733035070e+03
5.518947296111679861e+03
5.532645570304664943e+03
5.546282955102547021e+03
5.559860278238849787e+03
5.573377593734678157e+03
5.586835007406086334e+03
5.600233498123644495e+03
5.613573464236174914e+03
5.626854957154345357e+03
5.640078228490668153e+03
5.653244306643618984e+03
5.666353373343749809e+03
5.679405481758496535e+03
5.692401032539614789e+03
5.705340972009742472e+03
5.718225393482626714e+03
5.731054350638145479e+03
5.743828331129215258e+03
5.756548200376853856e+03
5.769214024153524406e+03
5.781825855794841118e+03
5.794384175791573398e+03
5.806889837060929494e+03
5.819342904463794184e+03
5.831743430292076482e+03
5.844091794778937583e+03
5.856388905218547734e+03
5.868634851934535618e+03
5.880829685219614475e+03
5.892973628054265646e+03
5.905067636915055118e+03
5.917111890566101465e+03
5.929106436914827100e+03
5.941051358821183385e+03
5.952947509088000515e+03
5.964795291700388589e+03
5.976594751449399155e+03
5.988345939080125390e+03
6.000049289218123704e+03
6.011705616006434866e+03
6.023314983040797415e+03
6.034877437293248477e+03
6.046393075414915074e+03
6.057862755273739822e+03
6.069286817827916821e+03
6.080665305832378181e+03
6.091998267348589252e+03
6.103285980305200610e+03
6.114529320690669010e+03
6.125728404463751758e+03
6.136883274899601929e+03
6.147993980223701328e+03
6.159060985254830484e+03
6.170085021556323227e+03
6.181066138112182671e+03
6.192004377930456030e+03
6.202899788653369797e+03
6.213752929606561338e+03
6.224564425161216604e+03
6.235334313483778715e+03
6.246062636544377710e+03
6.256749440669470459e+03
6.267395244599082616e+03
6.278000690766771186e+03
6.288565817611825878e+03
6.299090665495754365e+03
6.309575278889309629e+03
6.320020015841338136e+03
6.330425633827846468e+03
6.340792196105824587e+03
6.351119740874420131e+03
6.361408310224073830e+03
6.371658056821034734e+03
6.381869799414470435e+03
6.392043725951650231e+03
6.402179871996226211e+03
6.412278276810818170e+03
6.422338983239576919e+03
6.432362536187093610e+03
6.442349489308229749e+03
6.452299875194214110e+03
6.462213729919264551e+03
6.472091092975812899e+03
6.481932076041831351e+03
6.491737453452195041e+03
6.501507453996508957e+03
6.511242110209605016e+03
6.520941457901134527e+03
6.530605536054353252e+03
6.540234556060986506e+03
6.549829283522075457e+03
6.559389831278577731e+03
6.568916231201943447e+03
6.578408518216154334e+03
6.587866730204565101e+03
6.597291100771424681e+03
6.606682370024147531e+03
6.616040630871466419e+03
6.625365913921169522e+03
6.634658252640054343e+03
6.643917683267864049e+03
6.653144362822440598e+03
6.662339034586350863e+03
6.671501843534777436e+03
6.680632818563437468e+03
6.689731991256851870e+03
6.698799395808589907e+03
6.707835084008928789e+03
6.716839691970112654e+03
6.725813557576848325e+03
6.734756707550992360e+03
6.743669171155706863e+03
6.752550980121276552e+03
6.761402168572747541e+03
6.770222973334334711e+03
6.779014080446804655e+03
6.787775565348581040e+03
6.796507454698403308e+03
6.805209777496896095e+03
6.813882565019048343e+03
6.822525850748327684e+03
6.831140066006691086e+03
6.839725727387458392e+03
6.848282859955651475e+03
6.856811489663029533e+03
6.865311644632086427e+03
6.873783355094326907e+03
6.882226653379376330e+03
6.890642016489503476e+03
6.899029894559396780e+03
6.907390310285638407e+03
6.915723288444844002e+03
6.924028855835645118e+03
6.932307041222044973e+03
6.940557875278105712e+03
6.948781698383855655e+03
6.956979068532697966e+03
6.965150016396695719e+03
6.973294565153888470e+03
6.981412739875855550e+03
6.989504567475522890e+03
6.997570076656188576e+03
7.005609384464635696e+03
7.013623140912839517e+03
7.021611489316379448e+03
7.029574450891410379e+03
7.037512048636891450e+03
7.045424307286312796e+03
7.053311253260522790e+03
7.061172914621624841e+03
7.069009589460159077e+03
7.076821831257613667e+03
7.084609673303152704e+03
7.092373136261168838e+03
7.100112242437972782e+03
7.107827015737982038e+03
7.115517481620890067e+03
7.123183667059796790e+03
7.130825928442367513e+03
7.138444749943774696e+03
7.146040152944576221e+03
7.153612157089753964e+03
7.161160783545805316e+03
7.168686054960789988e+03
7.176187995425267218e+03
7.183666630434086983e+03
7.191122194281617340e+03
7.198555249217700293e+03
7.205965840216601464e+03
7.213353985524255222e+03
7.220719704805056608e+03
7.228063019105261446e+03
7.235383950817193181e+03
7.242682523644220964e+03
7.249958789171618264e+03
7.257213297839661209e+03
7.264446271229137892e+03
7.271657725879250393e+03
7.278847679659320420e+03
7.286016151735121639e+03
7.293163162535938682e+03
7.300288733722322831e+03
7.307392888154538923e+03
7.314475740163548835e+03
7.321537865527952818e+03
7.328579374056510460e+03
7.335600281572281347e+03
