0.000000000000000000e+00
2.884615384615384776e-02
5.769230769230769551e-02
8.653846153846153633e-02
1.153846153846153910e-01
1.442307692307692457e-01
1.730769230769230727e-01
2.019230769230769273e-01
2.307692307692307820e-01
2.596153846153846367e-01
2.884615384615384914e-01
3.173076923076923461e-01
3.461538461538461453e-01
3.750000000000000000e-01
4.038461538461538547e-01
4.326923076923077094e-01
4.615384615384615641e-01
4.903846153846154188e-01
5.192307692307692735e-01
5.480769230769231282e-01
5.769230769230769829e-01
6.057692307692308376e-01
6.346153846153846922e-01
6.634615384615385469e-01
6.923076923076922906e-01
7.211538461538461453e-01
7.500000000000000000e-01
7.788461538461538547e-01
8.076923076923077094e-01
8.365384615384615641e-01
8.653846153846154188e-01
8.942307692307692735e-01
9.230769230769231282e-01
9.519230769230769829e-01
9.807692307692308376e-01
1.009615384615384581e+00
1.038461538461538547e+00
1.067307692307692291e+00
1.096153846153846256e+00
1.125000000000000000e+00
1.153846153846153966e+00
1.182692307692307709e+00
1.211538461538461675e+00
1.240384615384615419e+00
1.269230769230769384e+00
1.298076923076923128e+00
1.326923076923077094e+00
1.355769230769230838e+00
1.384615384615384581e+00
1.413461538461538547e+00
1.442307692307692291e+00
1.471153846153846256e+00
1.500000000000000000e+00
1.528846153846153966e+00
1.557692307692307709e+00
1.586538461538461675e+00
1.615384615384615419e+00
1.644230769230769384e+00
1.673076923076923128e+00
1.701923076923077094e+00
1.730769230769230838e+00
1.759615384615384803e+00
1.788461538461538547e+00
1.817307692307692513e+00
1.846153846153846256e+00
1.875000000000000000e+00
1.903846153846153966e+00
1.932692307692307709e+00
1.961538461538461675e+00
1.990384615384615419e+00
2.019230769230769162e+00
2.048076923076923350e+00
2.076923076923077094e+00
2.105769230769230838e+00
2.134615384615384581e+00
2.163461538461538769e+00
2.192307692307692513e+00
2.221153846153846256e+00
2.250000000000000000e+00
2.278846153846154188e+00
2.307692307692307931e+00
2.336538461538461675e+00
2.365384615384615419e+00
2.394230769230769162e+00
2.423076923076923350e+00
2.451923076923077094e+00
2.480769230769230838e+00
2.509615384615384581e+00
2.538461538461538769e+00
2.567307692307692513e+00
2.596153846153846256e+00
2.625000000000000000e+00
2.653846153846154188e+00
2.682692307692307931e+00
2.711538461538461675e+00
2.740384615384615419e+00
2.769230769230769162e+00
2.798076923076923350e+00
2.826923076923077094e+00
2.855769230769230838e+00
2.884615384615384581e+00
2.913461538461538769e+00
2.942307692307692513e+00
2.971153846153846256e+00
3.000000000000000000e+00
3.009999999999999787e+00
4.394999999999999574e+00
5.779999999999999361e+00
7.165000000000000036e+00
8.550000000000000711e+00
9.934999999999998721e+00
1.132000000000000028e+01
1.270500000000000007e+01
1.408999999999999986e+01
1.547499999999999964e+01
1.685999999999999943e+01
1.824499999999999744e+01
1.963000000000000256e+01
2.101500000000000057e+01
2.239999999999999858e+01
2.378499999999999659e+01
2.517000000000000171e+01
2.655499999999999972e+01
2.793999999999999773e+01
2.932500000000000284e+01
3.071000000000000085e+01
3.209499999999999886e+01
3.347999999999999687e+01
3.486500000000000199e+01
3.625000000000000000e+01
3.763499999999999801e+01
3.901999999999999602e+01
4.040500000000000114e+01
4.178999999999999915e+01
4.317499999999999716e+01
4.455999999999999517e+01
4.594500000000000028e+01
4.732999999999999829e+01
4.871499999999999631e+01
5.010000000000000142e+01
